---------------------------------------------------------------------
 Eq     N-i     T       dB  Ri/R1   Ri/R0    R/Ri     lsIt   dB  %t
---------------------------------------------------------------------
 ST 1-1  1.120e-01  [0 1.000e+00 1.000e+00 9.931e-06]  [946 -3 65]
 ST 1-2  1.690e-01  [-16 1.561e-01 1.561e-01 9.921e-06]  [596 -3 53]
 ST 1-3s 2.580e-01  [-104 5.941e-06 5.941e-06 9.971e-06]  [992 -1 57]
 ST 2-1  5.380e-01  [0 1.000e+00 1.568e+00 9.998e-06]  [774 -1 16]
 ST 2-2  6.230e-01  [-35 1.667e-02 2.613e-02 9.965e-06]  [507 -4 34]
 ST 2-3s 7.180e-01  [-127 4.383e-07 6.872e-07 9.999e-06]  [1027 -1 60]
 ST 3-1  1.044e+00  [0 1.000e+00 1.554e+00 9.955e-06]  [861 -4 14]
 ST 3-2  1.099e+00  [-26 4.494e-02 6.982e-02 9.898e-06]  [533 -2 49]
 ST 3-3s 1.189e+00  [-112 2.411e-06 3.746e-06 9.927e-06]  [1008 -3 59]
 ST 4-1  1.602e+00  [0 1.000e+00 8.746e-01 9.955e-06]  [853 -3 11]
 ST 4-2  1.658e+00  [-34 1.788e-02 1.563e-02 9.956e-06]  [591 -3 54]
 ST 4-3s 1.758e+00  [-127 4.071e-07 3.560e-07 9.956e-06]  [959 -5 49]
 ST 5-1  2.144e+00  [0 1.000e+00 7.086e-01 9.992e-06]  [881 -1 12]
 ST 5-2  2.201e+00  [-30 2.898e-02 2.054e-02 9.966e-06]  [560 -5 51]
 ST 5-3s 2.298e+00  [-123 6.907e-07 4.894e-07 9.924e-06]  [1024 -1 69]
 ST 6-1  2.527e+00  [0 1.000e+00 4.115e-01 9.963e-06]  [858 -4 20]
 ST 6-2  2.616e+00  [-43 6.818e-03 2.805e-03 9.946e-06]  [647 -3 42]
 ST 6-3s 2.695e+00  [-130 2.993e-07 1.232e-07 1.009e-05]  [1029 -1 67]
 ST 7-1  3.094e+00  [0 1.000e+00 6.403e-01 9.962e-06]  [854 -3 11]
 ST 7-2  3.161e+00  [-35 1.600e-02 1.025e-02 9.989e-06]  [608 -4 57]
 ST 7-3s 3.245e+00  [-121 8.268e-07 5.294e-07 9.924e-06]  [1036 -2 67]
 ST 8-1  3.490e+00  [0 1.000e+00 2.423e-01 9.976e-06]  [950 -3 20]
 ST 8-2  3.565e+00  [-42 7.918e-03 1.918e-03 9.945e-06]  [608 -4 37]
 ST 8-3s 3.644e+00  [-127 4.048e-07 9.807e-08 1.261e-05]  [1022 0 67]
 ST 9-1  4.021e+00  [0 1.000e+00 3.043e-01 9.958e-06]  [908 -4 11]
 ST 9-2  4.071e+00  [-42 7.479e-03 2.276e-03 9.994e-06]  [592 -3 54]
 ST 9-3s 4.141e+00  [-134 1.810e-07 5.508e-08 2.268e-05]  [971 0 67]
 ST 10-1  4.445e+00  [0 1.000e+00 2.147e-01 9.948e-06]  [911 -4 14]
 ST 10-2  4.509e+00  [-52 2.303e-03 4.945e-04 9.991e-06]  [724 -1 52]
 ST 10-3s 4.584e+00  [-141 8.251e-08 1.772e-08 7.010e-05]  [846 -3 67]
 ST 11-1  5.038e+00  [0 1.000e+00 2.741e-01 9.951e-06]  [857 -4 8]
 ST 11-2  5.102e+00  [-44 6.007e-03 1.646e-03 9.958e-06]  [645 -3 63]
 ST 11-3s 5.209e+00  [-129 3.222e-07 8.832e-08 1.410e-05]  [968 -5 43]
 ST 12-1  5.466e+00  [0 1.000e+00 1.565e-01 9.946e-06]  [914 -4 16]
 ST 12-2  5.522e+00  [-50 2.919e-03 4.570e-04 9.920e-06]  [705 -4 57]
 ST 12-3s 5.601e+00  [-136 1.532e-07 2.397e-08 5.185e-05]  [850 -4 56]
 ST 13-1  5.812e+00  [0 1.000e+00 1.696e-01 9.980e-06]  [928 -1 19]
 ST 13-2  5.907e+00  [-53 2.051e-03 3.479e-04 9.975e-06]  [710 -4 59]
 ST 13-3s 5.983e+00  [-147 4.161e-08 7.058e-09 1.750e-04]  [735 -3 47]
 ST 14-1  6.190e+00  [0 1.000e+00 1.602e-01 9.935e-06]  [891 -2 25]
 ST 14-2  6.254e+00  [-62 7.940e-04 1.272e-04 9.902e-06]  [798 -3 56]
 ST 14-3s 6.310e+00  [-148 3.948e-08 6.325e-09 1.962e-04]  [712 -4 59]
 ST 15-1  6.491e+00  [0 1.000e+00 1.563e-01 9.943e-06]  [801 -3 20]
 ST 15-2  6.556e+00  [-53 2.181e-03 3.409e-04 9.980e-06]  [731 -1 62]
 ST 15-3s 6.629e+00  [-139 1.113e-07 1.740e-08 7.181e-05]  [800 -3 62]
 ST 16-1  7.047e+00  [0 1.000e+00 1.275e-01 9.955e-06]  [883 -1 10]
 ST 16-2  7.124e+00  [-61 8.015e-04 1.022e-04 9.961e-06]  [839 -2 70]
 ST 16-3s 7.183e+00  [-148 3.920e-08 4.999e-09 2.487e-04]  [702 -3 58]
 ST 17-1  7.375e+00  [0 1.000e+00 1.208e-01 9.984e-06]  [913 -4 22]
 ST 17-2  7.438e+00  [-64 6.305e-04 7.618e-05 9.911e-06]  [797 -3 65]
 ST 17-3s 7.493e+00  [-154 1.792e-08 2.165e-09 5.754e-04]  [618 -1 47]
 ST 18-1  7.729e+00  [0 1.000e+00 1.223e-01 9.945e-06]  [922 0 18]
 ST 18-2  7.788e+00  [-63 7.043e-04 8.616e-05 9.919e-06]  [796 -3 59]
 ST 18-3s 7.851e+00  [-150 3.054e-08 3.736e-09 3.345e-04]  [620 -1 46]
 ST 19-1  8.175e+00  [0 1.000e+00 1.110e-01 9.955e-06]  [928 -1 13]
 ST 19-2  8.236e+00  [-61 8.721e-04 9.683e-05 9.938e-06]  [827 -1 64]
 ST 19-3s 8.289e+00  [-147 3.995e-08 4.436e-09 2.817e-04]  [656 -4 55]
 ST 20-1  8.523e+00  [0 1.000e+00 1.036e-01 9.954e-06]  [873 -1 18]
 ST 20-2  8.589e+00  [-70 2.924e-04 3.030e-05 9.925e-06]  [934 -1 62]
 ST 20-3s 8.638e+00  [-157 1.338e-08 1.387e-09 8.980e-04]  [565 0 53]
 ST 21-1  8.871e+00  [0 1.000e+00 9.815e-02 9.936e-06]  [900 -3 17]
 ST 21-2  8.963e+00  [-73 2.154e-04 2.114e-05 9.983e-06]  [968 -4 58]
 ST 21-3s 9.011e+00  [-159 1.071e-08 1.051e-09 1.183e-03]  [543 -3 52]
 ST 22-1  9.242e+00  [0 1.000e+00 9.881e-02 9.942e-06]  [925 0 36]
 ST 22-2  9.309e+00  [-66 4.898e-04 4.840e-05 9.972e-06]  [859 -4 63]
 ST 22-3s 9.360e+00  [-154 1.880e-08 1.858e-09 6.712e-04]  [592 -2 53]
 ST 23-1  9.640e+00  [0 1.000e+00 9.103e-02 9.912e-06]  [892 -3 15]
 ST 23-2  9.712e+00  [-66 4.912e-04 4.472e-05 9.966e-06]  [846 -2 63]
 ST 23-3s 9.774e+00  [-156 1.560e-08 1.420e-09 8.755e-04]  [543 -4 60]
 ST 24-1  9.991e+00  [0 1.000e+00 9.017e-02 9.987e-06]  [835 -2 18]
 ST 24-2  1.006e+01  [-75 1.656e-04 1.493e-05 9.901e-06]  [944 -3 66]
 ST 24-3s 1.011e+01  [-161 8.112e-09 7.315e-10 1.703e-03]  [501 -4 50]
 ST 25-1  1.030e+01  [0 1.000e+00 8.706e-02 9.989e-06]  [886 -2 23]
 ST 25-2  1.037e+01  [-74 1.886e-04 1.642e-05 9.983e-06]  [967 -4 65]
 ST 25-3s 1.042e+01  [-161 8.623e-09 7.507e-10 1.664e-03]  [504 -4 50]
 ST 26-1  1.071e+01  [0 1.000e+00 8.810e-02 9.956e-06]  [931 -1 14]
 ST 26-2  1.078e+01  [-67 4.066e-04 3.582e-05 9.954e-06]  [866 -5 65]
 ST 26-3s 1.087e+01  [-158 1.164e-08 1.026e-09 1.204e-03]  [525 -2 40]
 ST 27-1  1.108e+01  [0 1.000e+00 8.367e-02 9.914e-06]  [911 -4 20]
 ST 27-2  1.115e+01  [-67 3.989e-04 3.338e-05 9.977e-06]  [869 0 62]
 ST 27-3s 1.120e+01  [-159 1.035e-08 8.662e-10 1.443e-03]  [525 -2 48]
 ST 28-1  1.140e+01  [0 1.000e+00 8.476e-02 9.922e-06]  [882 -1 19]
 ST 28-2  1.147e+01  [-73 2.162e-04 1.832e-05 9.963e-06]  [947 -3 62]
 ST 28-3s 1.154e+01  [-161 8.027e-09 6.803e-10 1.822e-03]  [508 -5 43]
 ST 29-1  1.182e+01  [0 1.000e+00 8.141e-02 9.932e-06]  [755 -4 15]
 ST 29-2  1.194e+01  [-75 1.774e-04 1.444e-05 9.940e-06]  [964 -4 47]
 ST 29-3s 1.200e+01  [-162 7.888e-09 6.422e-10 1.935e-03]  [484 -2 42]
 ST 30-1  1.224e+01  [0 1.000e+00 8.256e-02 9.931e-06]  [864 -4 18]
 ST 30-2  1.231e+01  [-72 2.390e-04 1.973e-05 9.938e-06]  [928 -1 67]
 ST 30-3s 1.236e+01  [-161 8.124e-09 6.707e-10 1.860e-03]  [501 -4 50]
 ST 31-1  1.255e+01  [0 1.000e+00 7.890e-02 9.988e-06]  [887 -1 23]
 ST 31-2  1.263e+01  [-70 3.136e-04 2.475e-05 9.972e-06]  [910 -4 68]
 ST 31-3s 1.273e+01  [-161 8.636e-09 6.813e-10 1.815e-03]  [508 -5 27]
 ST 32-1  1.310e+01  [0 1.000e+00 8.041e-02 9.975e-06]  [901 -3 13]
 ST 32-2  1.317e+01  [-71 2.736e-04 2.200e-05 9.987e-06]  [928 -1 67]
 ST 32-3s 1.323e+01  [-162 7.814e-09 6.284e-10 1.972e-03]  [501 -4 41]
 ST 33-1  1.343e+01  [0 1.000e+00 7.705e-02 9.902e-06]  [878 -1 22]
 ST 33-2  1.350e+01  [-74 1.927e-04 1.485e-05 9.941e-06]  [948 -3 62]
 ST 33-3s 1.355e+01  [-163 6.545e-09 5.043e-10 2.467e-03]  [476 -1 49]
 ST 34-1  1.374e+01  [0 1.000e+00 7.799e-02 9.997e-06]  [843 -2 21]
 ST 34-2  1.381e+01  [-73 2.014e-04 1.571e-05 9.966e-06]  [916 -5 67]
 ST 34-3s 1.386e+01  [-163 6.724e-09 5.244e-10 2.378e-03]  [475 -1 43]
 ST 35-1  1.414e+01  [0 1.000e+00 7.485e-02 9.956e-06]  [843 -3 14]
 ST 35-2  1.420e+01  [-70 3.013e-04 2.255e-05 9.995e-06]  [857 -4 63]
 ST 35-3s 1.425e+01  [-163 7.039e-09 5.269e-10 2.355e-03]  [497 -3 48]
 ST 36-1  1.460e+01  [0 1.000e+00 7.601e-02 9.968e-06]  [857 -4 12]
 ST 36-2  1.466e+01  [-71 2.514e-04 1.911e-05 9.998e-06]  [901 -3 63]
 ST 36-3s 1.471e+01  [-163 6.672e-09 5.071e-10 2.460e-03]  [469 0 46]
 ST 37-1  1.501e+01  [0 1.000e+00 7.265e-02 9.949e-06]  [848 -3 13]
 ST 37-2  1.508e+01  [-76 1.469e-04 1.067e-05 9.943e-06]  [909 -4 61]
 ST 37-3s 1.514e+01  [-166 5.008e-09 3.638e-10 3.406e-03]  [426 -2 43]
 ST 38-1  1.539e+01  [0 1.000e+00 7.332e-02 9.953e-06]  [829 -1 15]
 ST 38-2  1.546e+01  [-77 1.322e-04 9.690e-06 9.953e-06]  [870 0 63]
 ST 38-3s 1.551e+01  [-166 4.789e-09 3.511e-10 3.551e-03]  [429 -3 39]
 ST 39-1  1.571e+01  [0 1.000e+00 7.103e-02 9.934e-06]  [782 -1 18]
 ST 39-2  1.578e+01  [-74 1.941e-04 1.379e-05 9.940e-06]  [822 -1 64]
 ST 39-3s 1.584e+01  [-164 5.794e-09 4.115e-10 3.023e-03]  [452 -5 42]
 ST 40-1  1.610e+01  [0 1.000e+00 7.273e-02 9.984e-06]  [764 -5 13]
 ST 40-2  1.620e+01  [-75 1.736e-04 1.263e-05 9.880e-06]  [816 -5 70]
 ST 40-3s 1.625e+01  [-166 4.996e-09 3.634e-10 3.438e-03]  [436 -3 44]
 ST 41-1  1.650e+01  [0 1.000e+00 7.083e-02 9.943e-06]  [798 -3 27]
 ST 41-2  1.659e+01  [-81 8.882e-05 6.291e-06 9.935e-06]  [844 -3 57]
 ST 41-3s 1.663e+01  [-168 3.735e-09 2.645e-10 4.724e-03]  [404 -4 41]
 ST 42-1  1.708e+01  [0 1.000e+00 7.324e-02 9.929e-06]  [744 -3 7]
 ST 42-2  1.715e+01  [-80 9.043e-05 6.623e-06 9.996e-06]  [796 -3 56]
 ST 42-3s 1.720e+01  [-166 4.546e-09 3.330e-10 3.681e-03]  [408 -5 45]
 ST 43-1  1.744e+01  [0 1.000e+00 7.227e-02 9.976e-06]  [724 -1 14]
 ST 43-2  1.751e+01  [-75 1.723e-04 1.245e-05 9.971e-06]  [760 -5 60]
 ST 43-3s 1.757e+01  [-165 5.233e-09 3.782e-10 3.307e-03]  [445 -4 45]
 ST 44-1  1.783e+01  [0 1.000e+00 7.474e-02 9.962e-06]  [738 -3 13]
 ST 44-2  1.789e+01  [-75 1.598e-04 1.194e-05 9.988e-06]  [784 -1 61]
 ST 44-3s 1.794e+01  [-165 5.476e-09 4.093e-10 3.039e-03]  [450 -5 42]
 ST 45-1  1.835e+01  [0 1.000e+00 7.647e-02 9.994e-06]  [777 -1 10]
 ST 45-2  1.843e+01  [-80 9.214e-05 7.046e-06 9.960e-06]  [827 -1 65]
 ST 45-3s 1.848e+01  [-168 3.748e-09 2.866e-10 4.363e-03]  [422 -2 44]
 ST 46-1  1.883e+01  [0 1.000e+00 7.649e-02 9.906e-06]  [822 0 11]
 ST 46-2  1.890e+01  [-82 7.723e-05 5.908e-06 9.928e-06]  [835 -3 58]
 ST 46-3s 1.896e+01  [-169 3.412e-09 2.610e-10 4.761e-03]  [414 -1 41]
 ST 47-1  1.918e+01  [0 1.000e+00 7.991e-02 9.997e-06]  [789 -2 17]
 ST 47-2  1.925e+01  [-79 1.073e-04 8.571e-06 9.951e-06]  [812 -5 54]
 ST 47-3s 1.929e+01  [-169 3.521e-09 2.814e-10 4.417e-03]  [414 -1 43]
 ST 48-1  1.951e+01  [0 1.000e+00 8.167e-02 9.913e-06]  [734 -2 19]
 ST 48-2  1.957e+01  [-80 9.144e-05 7.467e-06 9.909e-06]  [794 -2 56]
 ST 48-3s 1.963e+01  [-169 3.476e-09 2.839e-10 4.393e-03]  [398 -4 48]
 ST 49-1  1.986e+01  [0 1.000e+00 8.411e-02 9.917e-06]  [799 -3 18]
 ST 49-2  1.993e+01  [-82 7.143e-05 6.008e-06 9.945e-06]  [794 -2 64]
 ST 49-3s 1.998e+01  [-169 3.365e-09 2.831e-10 4.360e-03]  [412 -1 40]
 ST 50-1  2.034e+01  [0 1.000e+00 8.726e-02 9.926e-06]  [794 -2 11]
 ST 50-2  2.041e+01  [-80 8.978e-05 7.834e-06 9.813e-06]  [818 0 62]
 ST 50-3s 2.046e+01  [-170 3.139e-09 2.739e-10 4.533e-03]  [402 -4 41]
 ST 51-1  2.081e+01  [0 1.000e+00 8.996e-02 9.998e-06]  [773 0 14]
 ST 51-2  2.088e+01  [-78 1.206e-04 1.085e-05 9.973e-06]  [778 -1 64]
 ST 51-3s 2.093e+01  [-168 3.937e-09 3.541e-10 3.490e-03]  [416 -1 40]
 ST 52-1  2.131e+01  [0 1.000e+00 9.314e-02 9.956e-06]  [797 -3 10]
 ST 52-2  2.139e+01  [-81 8.500e-05 7.917e-06 9.871e-06]  [803 -3 67]
 ST 52-3s 2.144e+01  [-169 3.224e-09 3.003e-10 4.118e-03]  [406 -5 40]
 ST 53-1  2.164e+01  [0 1.000e+00 9.545e-02 9.932e-06]  [663 -5 16]
 ST 53-2  2.171e+01  [-81 8.267e-05 7.891e-06 9.992e-06]  [713 -6 59]
 ST 53-3s 2.176e+01  [-167 4.189e-09 3.999e-10 3.104e-03]  [424 -1 40]
 ST 54-1  2.205e+01  [0 1.000e+00 1.013e-01 9.999e-06]  [799 -3 14]
 ST 54-2  2.213e+01  [-80 9.640e-05 9.768e-06 9.945e-06]  [779 -1 65]
 ST 54-3s 2.218e+01  [-169 3.462e-09 3.508e-10 3.523e-03]  [415 -1 44]
 ST 55-1  2.253e+01  [0 1.000e+00 1.057e-01 9.928e-06]  [808 -4 13]
 ST 55-2  2.261e+01  [-78 1.185e-04 1.252e-05 9.925e-06]  [741 -4 66]
 ST 55-3s 2.266e+01  [-168 3.704e-09 3.916e-10 3.149e-03]  [413 -1 47]
 ST 56-1  2.285e+01  [0 1.000e+00 1.127e-01 9.980e-06]  [809 -4 21]
 ST 56-2  2.292e+01  [-78 1.195e-04 1.347e-05 9.961e-06]  [751 -4 59]
 ST 56-3s 2.298e+01  [-169 3.504e-09 3.949e-10 3.121e-03]  [415 -1 57]
 ST 57-1  2.351e+01  [0 1.000e+00 1.195e-01 9.944e-06]  [767 0 7]
 ST 57-2  2.360e+01  [-78 1.156e-04 1.382e-05 9.964e-06]  [733 -3 56]
 ST 57-3s 2.364e+01  [-167 4.322e-09 5.164e-10 2.413e-03]  [440 -4 41]
 ST 58-1  2.383e+01  [0 1.000e+00 1.278e-01 9.981e-06]  [729 -1 20]
 ST 58-2  2.389e+01  [-78 1.141e-04 1.459e-05 9.906e-06]  [710 -5 57]
 ST 58-3s 2.395e+01  [-167 4.259e-09 5.445e-10 2.288e-03]  [428 -3 53]
 ST 59-1  2.428e+01  [0 1.000e+00 1.363e-01 9.960e-06]  [764 -5 11]
 ST 59-2  2.435e+01  [-78 1.216e-04 1.658e-05 9.905e-06]  [724 -2 61]
 ST 59-3s 2.455e+01  [-168 3.828e-09 5.218e-10 2.367e-03]  [415 -1 11]
 ST 60-1  2.501e+01  [0 1.000e+00 1.463e-01 9.976e-06]  [762 -5 8]
 ST 60-2  2.508e+01  [-77 1.279e-04 1.872e-05 9.877e-06]  [725 -2 61]
 ST 60-3s 2.513e+01  [-167 4.059e-09 5.938e-10 2.087e-03]  [417 -2 42]
 ST 61-1  2.532e+01  [0 1.000e+00 1.567e-01 9.938e-06]  [741 -3 19]
 ST 61-2  2.539e+01  [-77 1.265e-04 1.981e-05 9.923e-06]  [747 -4 50]
 ST 61-3s 2.544e+01  [-166 4.843e-09 7.587e-10 1.646e-03]  [444 -5 43]
 ST 62-1  2.574e+01  [0 1.000e+00 1.679e-01 9.954e-06]  [718 0 15]
 ST 62-2  2.582e+01  [-78 1.217e-04 2.044e-05 9.978e-06]  [733 -3 49]
 ST 62-3s 2.586e+01  [-167 4.268e-09 7.168e-10 1.729e-03]  [425 -3 41]
 ST 63-1  2.617e+01  [0 1.000e+00 1.803e-01 9.905e-06]  [619 -1 15]
 ST 63-2  2.624e+01  [-78 1.164e-04 2.100e-05 9.976e-06]  [699 -3 59]
 ST 63-3s 2.629e+01  [-165 5.374e-09 9.691e-10 1.287e-03]  [478 -1 45]
 ST 64-1  2.657e+01  [0 1.000e+00 1.945e-01 9.928e-06]  [676 -1 12]
 ST 64-2  2.807e+01  [-78 1.137e-04 2.211e-05 9.895e-06]  [720 -1 3]
 ST 64-3s 2.812e+01  [-166 4.729e-09 9.197e-10 1.352e-03]  [484 -2 49]
 ST 65-1  2.845e+01  [0 1.000e+00 2.069e-01 9.945e-06]  [687 -2 10]
 ST 65-2  2.852e+01  [-78 1.230e-04 2.544e-05 9.991e-06]  [746 -4 56]
 ST 65-3s 2.857e+01  [-166 4.986e-09 1.032e-09 1.208e-03]  [474 -1 48]
 ST 66-1  2.891e+01  [0 1.000e+00 2.172e-01 9.929e-06]  [691 -2 10]
 ST 66-2  2.898e+01  [-78 1.155e-04 2.509e-05 9.922e-06]  [713 -6 55]
 ST 66-3s 2.903e+01  [-166 4.678e-09 1.016e-09 1.228e-03]  [485 -2 44]
 ST 67-1  2.923e+01  [0 1.000e+00 2.287e-01 9.938e-06]  [636 -3 15]
 ST 67-2  2.930e+01  [-78 1.141e-04 2.611e-05 9.932e-06]  [735 -3 59]
 ST 67-3s 2.936e+01  [-165 5.186e-09 1.186e-09 1.049e-03]  [488 -2 44]
 ST 68-1  2.961e+01  [0 1.000e+00 2.364e-01 9.899e-06]  [640 -3 13]
 ST 68-2  2.968e+01  [-78 1.217e-04 2.877e-05 9.939e-06]  [745 -3 57]
 ST 68-3s 2.973e+01  [-166 4.474e-09 1.057e-09 1.176e-03]  [420 -2 41]
 ST 69-1  2.996e+01  [0 1.000e+00 2.459e-01 9.955e-06]  [696 -3 18]
 ST 69-2  3.003e+01  [-77 1.311e-04 3.224e-05 9.974e-06]  [761 -5 58]
 ST 69-3s 3.008e+01  [-166 4.836e-09 1.189e-09 1.051e-03]  [457 -6 45]
 ST 70-1  3.038e+01  [0 1.000e+00 2.517e-01 9.935e-06]  [708 -5 12]
 ST 70-2  3.047e+01  [-77 1.383e-04 3.482e-05 9.974e-06]  [750 -4 52]
 ST 70-3s 3.053e+01  [-166 4.566e-09 1.149e-09 1.080e-03]  [443 -5 45]
 ST 71-1  3.076e+01  [0 1.000e+00 2.578e-01 9.994e-06]  [675 -1 15]
 ST 71-2  3.088e+01  [-77 1.386e-04 3.573e-05 9.925e-06]  [741 -3 36]
 ST 71-3s 3.093e+01  [-167 4.082e-09 1.052e-09 1.171e-03]  [416 -1 42]
 ST 72-1  3.111e+01  [0 1.000e+00 2.618e-01 9.978e-06]  [582 -2 18]
 ST 72-2  3.117e+01  [-77 1.323e-04 3.463e-05 9.991e-06]  [709 -5 56]
 ST 72-3s 3.122e+01  [-165 5.129e-09 1.343e-09 9.294e-04]  [455 -5 42]
 ST 73-1  3.202e+01  [0 1.000e+00 2.683e-01 9.976e-06]  [669 0 4]
 ST 73-2  3.208e+01  [-77 1.286e-04 3.450e-05 9.965e-06]  [714 -6 56]
 ST 73-3s 3.213e+01  [-169 3.529e-09 9.471e-10 1.296e-03]  [408 -6 38]
 ST 74-1  3.253e+01  [0 1.000e+00 2.814e-01 9.931e-06]  [687 -3 8]
 ST 74-2  3.262e+01  [-75 1.682e-04 4.733e-05 9.855e-06]  [714 -6 70]
 ST 74-3s 3.268e+01  [-167 4.027e-09 1.133e-09 1.094e-03]  [417 -2 39]
 ST 75-1  3.296e+01  [0 1.000e+00 2.743e-01 9.953e-06]  [645 -3 29]
 ST 75-2  3.306e+01  [-79 1.109e-04 3.042e-05 9.856e-06]  [711 -5 40]
 ST 75-3s 3.311e+01  [-168 3.657e-09 1.003e-09 1.233e-03]  [413 -1 42]
 ST 76-1  3.337e+01  [0 1.000e+00 2.948e-01 9.918e-06]  [543 -3 13]
 ST 76-2  3.344e+01  [-77 1.385e-04 4.083e-05 9.962e-06]  [701 -4 57]
 ST 76-3s 3.349e+01  [-165 5.118e-09 1.509e-09 8.216e-04]  [458 -6 45]
 ST 77-1  3.376e+01  [0 1.000e+00 2.912e-01 9.989e-06]  [658 -5 13]
 ST 77-2  3.382e+01  [-76 1.430e-04 4.163e-05 9.995e-06]  [701 -4 58]
 ST 77-3s 3.393e+01  [-168 3.889e-09 1.132e-09 1.102e-03]  [401 -5 56]
 ST 78-1  3.421e+01  [0 1.000e+00 3.056e-01 9.945e-06]  [663 -5 13]
 ST 78-2  3.428e+01  [-77 1.364e-04 4.167e-05 9.997e-06]  [693 -3 56]
 ST 78-3s 3.433e+01  [-168 3.606e-09 1.102e-09 1.134e-03]  [404 -6 42]
 ST 79-1  3.458e+01  [0 1.000e+00 3.115e-01 9.963e-06]  [554 -5 16]
 ST 79-2  3.464e+01  [-74 1.814e-04 5.649e-05 9.990e-06]  [666 0 53]
 ST 79-3s 3.469e+01  [-167 4.385e-09 1.366e-09 9.041e-04]  [423 -3 42]
 ST 80-1  3.491e+01  [0 1.000e+00 3.139e-01 9.908e-06]  [530 -2 14]
 ST 80-2  3.497e+01  [-75 1.642e-04 5.156e-05 9.904e-06]  [638 -4 51]
 ST 80-3s 3.503e+01  [-167 4.297e-09 1.349e-09 9.109e-04]  [415 -2 46]
 ST 81-1  3.543e+01  [0 1.000e+00 3.213e-01 9.954e-06]  [622 -1 7]
 ST 81-2  3.549e+01  [-73 2.010e-04 6.458e-05 9.852e-06]  [609 -6 58]
 ST 81-3s 3.555e+01  [-167 4.063e-09 1.306e-09 9.310e-04]  [410 0 41]
 ST 82-1  3.577e+01  [0 1.000e+00 3.202e-01 9.920e-06]  [634 -2 25]
 ST 82-2  3.583e+01  [-73 2.039e-04 6.529e-05 9.825e-06]  [614 0 53]
 ST 82-3s 3.590e+01  [-167 4.185e-09 1.340e-09 9.175e-04]  [403 -6 42]
 ST 83-1  3.621e+01  [0 1.000e+00 3.253e-01 9.988e-06]  [556 -5 11]
 ST 83-2  3.628e+01  [-73 2.137e-04 6.952e-05 9.953e-06]  [627 -3 52]
 ST 83-3s 3.637e+01  [-167 4.334e-09 1.410e-09 8.804e-04]  [476 -1 24]
 ST 84-1  3.686e+01  [0 1.000e+00 3.250e-01 9.998e-06]  [599 -4 6]
 ST 84-2  3.693e+01  [-72 2.439e-04 7.927e-05 9.895e-06]  [600 -4 53]
 ST 84-3s 3.700e+01  [-166 4.856e-09 1.578e-09 7.854e-04]  [446 -7 43]
 ST 85-1  3.725e+01  [0 1.000e+00 3.371e-01 9.930e-06]  [630 -2 12]
 ST 85-2  3.730e+01  [-68 3.877e-04 1.307e-04 9.945e-06]  [609 -6 55]
 ST 85-3s 3.735e+01  [-163 6.394e-09 2.156e-09 5.749e-04]  [484 -2 46]
 ST 86-1  3.773e+01  [0 1.000e+00 3.240e-01 9.973e-06]  [595 -3 7]
 ST 86-2  3.778e+01  [-67 4.192e-04 1.358e-04 9.907e-06]  [628 -2 54]
 ST 86-3s 3.784e+01  [-163 6.849e-09 2.219e-09 5.593e-04]  [604 -5 48]
 ST 87-1  3.805e+01  [0 1.000e+00 3.271e-01 9.872e-06]  [529 -3 14]
 ST 87-2  3.811e+01  [-65 5.356e-04 1.752e-04 9.995e-06]  [627 -2 54]
 ST 87-3s 3.817e+01  [-161 8.309e-09 2.718e-09 4.565e-04]  [624 -2 55]
 ST 88-1  3.854e+01  [0 1.000e+00 3.033e-01 9.857e-06]  [606 -5 7]
 ST 88-2  3.860e+01  [-65 5.210e-04 1.580e-04 9.975e-06]  [627 -2 60]
 ST 88-3s 3.866e+01  [-162 7.852e-09 2.382e-09 5.207e-04]  [626 -2 50]
 ST 89-1  3.884e+01  [0 1.000e+00 2.069e-01 9.986e-06]  [647 -5 18]
 ST 89-2  3.890e+01  [-63 6.934e-04 1.434e-04 9.899e-06]  [644 -4 59]
 ST 89-3s 3.896e+01  [-160 9.714e-09 2.009e-09 6.156e-04]  [581 -3 60]
 ST 90-1  3.917e+01  [0 1.000e+00 3.024e-01 9.992e-06]  [556 -6 12]
 ST 90-2  3.922e+01  [-47 4.331e-03 1.309e-03 9.953e-06]  [505 -5 49]
 ST 90-3s 3.929e+01  [-144 6.158e-08 1.862e-08 6.677e-05]  [793 -3 63]
 ST 91-1  3.963e+01  [0 1.000e+00 4.011e-01 9.925e-06]  [628 -2 8]
 ST 91-2  3.968e+01  [-46 4.774e-03 1.915e-03 9.960e-06]  [510 -6 48]
 ST 91-3s 3.976e+01  [-142 7.286e-08 2.922e-08 4.280e-05]  [782 -1 60]
 ST 92-1  4.004e+01  [0 1.000e+00 5.421e-01 9.953e-06]  [632 -2 10]
 ST 92-2  4.010e+01  [-46 4.836e-03 2.622e-03 9.905e-06]  [501 -5 53]
 ST 92-3s 4.017e+01  [-142 7.928e-08 4.297e-08 2.896e-05]  [852 -5 62]
 ST 93-1  4.037e+01  [0 1.000e+00 1.164e+00 9.933e-06]  [520 -1 11]
 ST 93-2  4.042e+01  [-51 2.583e-03 3.008e-03 9.943e-06]  [526 -1 50]
 ST 93-3s 4.049e+01  [-147 4.429e-08 5.157e-08 2.416e-05]  [845 -3 59]
 ST 94-1  4.097e+01  [0 1.000e+00 1.094e+00 9.999e-06]  [540 -4 5]
 ST 94-2  4.102e+01  [-42 7.876e-03 8.616e-03 9.865e-06]  [492 -4 50]
 ST 94-3s 4.109e+01  [-138 1.180e-07 1.291e-07 9.982e-06]  [934 -1 62]
 ST 95-1  4.135e+01  [0 1.000e+00 2.935e-01 9.986e-06]  [662 -6 12]
 ST 95-2  4.140e+01  [-59 1.116e-03 3.274e-04 9.890e-06]  [631 -2 53]
 ST 95-3s 4.146e+01  [-156 1.552e-08 4.555e-09 2.735e-04]  [675 -1 54]
 ST 96-1  4.165e+01  [0 1.000e+00 4.782e-01 9.937e-06]  [649 -4 16]
 ST 96-2  4.172e+01  [-54 1.862e-03 8.903e-04 9.987e-06]  [576 -1 44]
 ST 96-3s 4.178e+01  [-152 2.240e-08 1.071e-08 1.167e-04]  [709 -6 54]
 ST 97-1  4.197e+01  [0 1.000e+00 3.875e-01 9.889e-06]  [606 -5 22]
 ST 97-2  4.202e+01  [-48 3.811e-03 1.477e-03 9.970e-06]  [496 -4 44]
 ST 97-3s 4.215e+01  [-145 5.114e-08 1.982e-08 6.279e-05]  [801 -4 58]
 ST 98-1  4.237e+01  [0 1.000e+00 6.429e-01 9.926e-06]  [632 -2 17]
 ST 98-2  4.243e+01  [-53 2.124e-03 1.366e-03 9.905e-06]  [535 -3 45]
 ST 98-3s 4.251e+01  [-149 3.203e-08 2.059e-08 6.034e-05]  [666 0 42]
 ST 99-1  4.279e+01  [0 1.000e+00 1.919e+00 9.895e-06]  [507 -6 9]
 ST 99-2  4.284e+01  [-39 1.083e-02 2.078e-02 9.996e-06]  [473 -2 51]
 ST 99-3s 4.292e+01  [-129 3.287e-07 6.309e-07 9.924e-06]  [866 -6 66]
 ST 100-1  4.310e+01  [0 1.000e+00 1.252e+00 9.878e-06]  [552 -5 15]
 ST 100-2  4.316e+01  [-37 1.384e-02 1.733e-02 9.994e-06]  [466 -1 54]
 ST 100-3s 4.323e+01  [-132 2.347e-07 2.940e-07 9.940e-06]  [902 -4 53]
 ST 101-1  4.350e+01  [0 1.000e+00 2.471e-01 9.983e-06]  [738 -3 12]
 ST 101-2  4.358e+01  [-53 2.016e-03 4.981e-04 9.902e-06]  [578 -2 53]
 ST 101-3s 4.364e+01  [-153 2.109e-08 5.209e-09 2.371e-04]  [643 -3 50]
 ST 102-1  4.381e+01  [0 1.000e+00 3.022e-01 9.956e-06]  [678 -2 18]
 ST 102-2  4.386e+01  [-45 5.501e-03 1.662e-03 9.871e-06]  [505 -6 47]
 ST 102-3s 4.392e+01  [-144 5.759e-08 1.740e-08 7.138e-05]  [789 -2 55]
 ST 103-1  4.410e+01  [0 1.000e+00 4.260e-01 9.987e-06]  [670 -1 18]
 ST 103-2  4.414e+01  [-46 4.595e-03 1.957e-03 9.988e-06]  [438 -4 43]
 ST 103-3s 4.420e+01  [-146 4.877e-08 2.078e-08 6.002e-05]  [608 -6 54]
 ST 104-1  4.454e+01  [0 1.000e+00 3.531e-01 9.901e-06]  [673 -1 9]
 ST 104-2  4.460e+01  [-58 1.166e-03 4.119e-04 9.889e-06]  [574 -2 48]
 ST 104-3s 4.465e+01  [-158 1.237e-08 4.366e-09 2.861e-04]  [682 -2 59]
 ST 105-1  4.487e+01  [0 1.000e+00 2.792e-01 9.961e-06]  [589 -3 19]
 ST 105-2  4.493e+01  [-50 2.886e-03 8.057e-04 9.970e-06]  [567 -1 53]
 ST 105-3s 4.500e+01  [-150 3.105e-08 8.668e-09 1.437e-04]  [759 -5 58]
 ST 106-1  4.517e+01  [0 1.000e+00 4.712e-01 9.928e-06]  [646 -4 17]
 ST 106-2  4.524e+01  [-50 2.943e-03 1.387e-03 9.915e-06]  [576 -2 52]
 ST 106-3s 4.534e+01  [-150 3.010e-08 1.418e-08 8.714e-05]  [674 -2 47]
 ST 107-1  4.563e+01  [0 1.000e+00 8.358e-01 9.978e-06]  [600 -4 9]
 ST 107-2  4.568e+01  [-41 8.593e-03 7.182e-03 9.913e-06]  [491 -3 47]
 ST 107-3s 4.575e+01  [-139 1.006e-07 8.404e-08 1.486e-05]  [798 -5 59]
 ST 108-1  4.607e+01  [0 1.000e+00 1.111e+00 9.930e-06]  [479 -2 7]
 ST 108-2  4.613e+01  [-39 1.047e-02 1.163e-02 9.978e-06]  [472 -1 53]
 ST 108-3s 4.621e+01  [-135 1.614e-07 1.794e-07 9.944e-06]  [864 -6 59]
 ST 109-1  4.646e+01  [0 1.000e+00 1.538e+00 9.998e-06]  [563 0 11]
 ST 109-2  4.651e+01  [-37 1.400e-02 2.154e-02 9.963e-06]  [479 -2 44]
 ST 109-3s 4.667e+01  [-128 3.691e-07 5.676e-07 9.900e-06]  [690 -5 22]
 ST 110-1  4.685e+01  [0 1.000e+00 2.177e+00 9.961e-06]  [491 -4 21]
 ST 110-2  4.691e+01  [-35 1.733e-02 3.773e-02 9.887e-06]  [458 -6 54]
 ST 110-3s 4.700e+01  [-122 7.728e-07 1.683e-06 9.987e-06]  [791 -2 63]
 ST 111-1  4.715e+01  [0 1.000e+00 2.221e+00 9.946e-06]  [524 -1 17]
 ST 111-2  4.720e+01  [-40 9.661e-03 2.146e-02 9.965e-06]  [474 -1 46]
 ST 111-3s 4.727e+01  [-129 3.449e-07 7.659e-07 9.879e-06]  [882 -2 60]
 ST 112-1  4.754e+01  [0 1.000e+00 2.885e+00 9.980e-06]  [537 -3 10]
 ST 112-2  4.758e+01  [-27 4.183e-02 1.207e-01 9.886e-06]  [376 -2 40]
 ST 112-3s 4.763e+01  [-104 5.632e-06 1.625e-05 9.792e-06]  [512 0 50]
 ST 113-1  4.805e+01  [0 1.000e+00 8.018e-01 9.909e-06]  [590 -4 7]
 ST 113-2  4.810e+01  [-36 1.508e-02 1.209e-02 9.901e-06]  [478 -2 48]
 ST 113-3s 4.818e+01  [-131 2.632e-07 2.110e-07 9.918e-06]  [860 -5 61]
 ST 114-1  4.845e+01  [0 1.000e+00 1.390e+00 9.895e-06]  [597 -4 11]
 ST 114-2  4.852e+01  [-37 1.300e-02 1.806e-02 9.901e-06]  [499 -5 38]
 ST 114-3s 4.859e+01  [-130 3.145e-07 4.371e-07 9.957e-06]  [894 -3 63]
 ST 115-1  4.878e+01  [0 1.000e+00 1.268e+00 9.932e-06]  [583 -2 15]
 ST 115-2  4.883e+01  [-38 1.236e-02 1.567e-02 9.954e-06]  [495 -4 48]
 ST 115-3s 4.890e+01  [-130 3.079e-07 3.904e-07 9.902e-06]  [917 -6 61]
 ST 116-1  4.911e+01  [0 1.000e+00 1.218e+00 9.928e-06]  [549 -4 13]
 ST 116-2  4.917e+01  [-46 4.602e-03 5.606e-03 9.931e-06]  [537 -3 51]
 ST 116-3s 4.924e+01  [-140 9.176e-08 1.118e-07 1.114e-05]  [844 -3 60]
 ST 117-1  4.958e+01  [0 1.000e+00 9.007e-01 9.929e-06]  [612 -6 9]
 ST 117-2  4.964e+01  [-59 1.009e-03 9.088e-04 9.964e-06]  [638 -3 56]
 ST 117-3s 4.970e+01  [-153 2.061e-08 1.857e-08 6.696e-05]  [720 -1 55]
 ST 118-1  4.991e+01  [0 1.000e+00 7.003e-01 9.980e-06]  [592 -3 14]
 ST 118-2  4.996e+01  [-48 3.678e-03 2.575e-03 9.900e-06]  [534 -3 52]
 ST 118-3s 5.004e+01  [-143 6.581e-08 4.608e-08 2.695e-05]  [858 -5 62]
 ST 119-1  5.023e+01  [0 1.000e+00 5.860e-01 9.906e-06]  [580 -2 15]
 ST 119-2  5.030e+01  [-53 2.048e-03 1.200e-03 9.921e-06]  [582 -2 57]
 ST 119-3s 5.037e+01  [-148 3.695e-08 2.165e-08 5.770e-05]  [799 -4 57]
 ST 120-1  5.069e+01  [0 1.000e+00 4.305e-01 9.972e-06]  [665 0 10]
 ST 120-2  5.074e+01  [-40 9.649e-03 4.154e-03 9.901e-06]  [438 -4 43]
 ST 120-3s 5.080e+01  [-136 1.512e-07 6.507e-08 1.901e-05]  [776 -2 59]
 ST 121-1  5.099e+01  [0 1.000e+00 5.071e-01 9.926e-06]  [631 -3 16]
 ST 121-2  5.106e+01  [-51 2.565e-03 1.301e-03 9.941e-06]  [608 -5 57]
 ST 121-3s 5.114e+01  [-147 4.029e-08 2.043e-08 6.104e-05]  [812 -5 54]
 ST 122-1  5.134e+01  [0 1.000e+00 8.969e-01 9.938e-06]  [509 -6 14]
 ST 122-2  5.140e+01  [-42 7.943e-03 7.124e-03 9.992e-06]  [513 0 47]
 ST 122-3s 5.147e+01  [-135 1.740e-07 1.561e-07 9.990e-06]  [872 0 62]
 ST 123-1  5.170e+01  [0 1.000e+00 1.465e+00 9.973e-06]  [593 -3 13]
 ST 123-2  5.175e+01  [-40 9.471e-03 1.388e-02 9.903e-06]  [523 -1 49]
 ST 123-3s 5.182e+01  [-129 3.457e-07 5.066e-07 9.940e-06]  [852 -5 56]
 ST 124-1  5.207e+01  [0 1.000e+00 1.283e+00 9.991e-06]  [589 -3 12]
 ST 124-2  5.214e+01  [-62 7.481e-04 9.597e-04 9.916e-06]  [677 -2 57]
 ST 124-3s 5.220e+01  [-153 2.157e-08 2.767e-08 4.474e-05]  [633 -4 55]
 ST 125-1  5.253e+01  [0 1.000e+00 8.785e-01 9.998e-06]  [605 -5 9]
 ST 125-2  5.259e+01  [-48 3.656e-03 3.212e-03 9.971e-06]  [532 -2 53]
 ST 125-3s 5.269e+01  [-140 9.414e-08 8.270e-08 1.508e-05]  [864 -6 51]
 ST 126-1  5.297e+01  [0 1.000e+00 5.406e-01 9.995e-06]  [625 -2 11]
 ST 126-2  5.302e+01  [-39 1.053e-02 5.690e-03 9.958e-06]  [510 -6 52]
 ST 126-3s 5.311e+01  [-131 2.569e-07 1.389e-07 9.916e-06]  [816 -7 70]
 ST 127-1  5.331e+01  [0 1.000e+00 3.630e-01 9.963e-06]  [653 -5 17]
 ST 127-2  5.339e+01  [-63 6.745e-04 2.448e-04 9.981e-06]  [682 -2 67]
 ST 127-3s 5.346e+01  [-158 1.150e-08 4.173e-09 2.991e-04]  [680 -1 55]
 ST 128-1  5.393e+01  [0 1.000e+00 3.728e-01 9.952e-06]  [697 -4 19]
 ST 128-2  5.402e+01  [-69 3.188e-04 1.189e-04 9.999e-06]  [696 -3 54]
 ST 128-3s 5.407e+01  [-161 8.601e-09 3.207e-09 3.857e-04]  [507 -5 55]
 ST 129-1  5.433e+01  [0 1.000e+00 6.089e-01 9.960e-06]  [606 -5 14]
 ST 129-2  5.439e+01  [-49 3.506e-03 2.135e-03 9.952e-06]  [611 -5 60]
 ST 129-3s 5.447e+01  [-142 7.331e-08 4.464e-08 2.793e-05]  [826 -1 62]
 ST 130-1  5.473e+01  [0 1.000e+00 8.975e-01 9.928e-06]  [646 -4 15]
 ST 130-2  5.479e+01  [-41 8.326e-03 7.473e-03 9.934e-06]  [552 -4 53]
 ST 130-3s 5.487e+01  [-131 2.790e-07 2.504e-07 9.979e-06]  [780 -1 57]
 ST 131-1  5.506e+01  [0 1.000e+00 1.030e+00 9.918e-06]  [644 -4 16]
 ST 131-2  5.512e+01  [-52 2.287e-03 2.355e-03 9.993e-06]  [656 -5 60]
 ST 131-3s 5.520e+01  [-143 7.000e-08 7.207e-08 1.726e-05]  [714 -7 62]
 ST 132-1  5.540e+01  [0 1.000e+00 9.054e-01 9.936e-06]  [672 -1 18]
 ST 132-2  5.546e+01  [-63 6.986e-04 6.325e-04 9.942e-06]  [750 -4 57]
 ST 132-3s 5.555e+01  [-152 2.314e-08 2.095e-08 5.958e-05]  [663 -6 39]
 ST 133-1  5.589e+01  [0 1.000e+00 8.284e-01 9.999e-06]  [599 -4 9]
 ST 133-2  5.595e+01  [-68 3.915e-04 3.243e-04 9.940e-06]  [678 -1 55]
 ST 133-3s 5.601e+01  [-157 1.279e-08 1.060e-08 1.176e-04]  [625 -2 54]
 ST 134-1  5.628e+01  [0 1.000e+00 6.454e-01 9.937e-06]  [635 -3 12]
 ST 134-2  5.633e+01  [-48 3.719e-03 2.401e-03 9.868e-06]  [585 -3 54]
 ST 134-3s 5.642e+01  [-139 1.105e-07 7.134e-08 1.731e-05]  [840 -4 52]
 ST 135-1  5.658e+01  [0 1.000e+00 4.045e-01 9.965e-06]  [771 0 27]
 ST 135-2  5.664e+01  [-38 1.135e-02 4.592e-03 9.931e-06]  [523 -1 47]
 ST 135-3s 5.672e+01  [-129 3.323e-07 1.344e-07 9.938e-06]  [945 -3 65]
 ST 136-1  5.693e+01  [0 1.000e+00 2.217e-01 9.907e-06]  [796 -3 19]
 ST 136-2  5.699e+01  [-43 6.736e-03 1.493e-03 9.959e-06]  [554 -5 54]
 ST 136-3s 5.706e+01  [-136 1.486e-07 3.295e-08 3.774e-05]  [804 -4 61]
 ST 137-1  5.724e+01  [0 1.000e+00 2.238e-01 9.952e-06]  [832 -1 22]
 ST 137-2  5.730e+01  [-42 7.730e-03 1.730e-03 9.925e-06]  [513 0 52]
 ST 137-3s 5.737e+01  [-135 1.588e-07 3.555e-08 3.478e-05]  [818 0 63]
 ST 138-1  5.767e+01  [0 1.000e+00 1.473e-01 9.876e-06]  [784 -2 14]
 ST 138-2  5.773e+01  [-43 6.928e-03 1.020e-03 9.976e-06]  [558 -5 55]
 ST 138-3s 5.780e+01  [-138 1.253e-07 1.845e-08 6.722e-05]  [789 -2 58]
 ST 139-1  5.809e+01  [0 1.000e+00 7.237e-02 9.992e-06]  [866 -5 16]
 ST 139-2  5.815e+01  [-52 2.510e-03 1.817e-04 9.952e-06]  [623 -1 56]
 ST 139-3s 5.821e+01  [-148 3.700e-08 2.678e-09 4.626e-04]  [718 0 57]
 ST 140-1  5.841e+01  [0 1.000e+00 6.013e-02 9.987e-06]  [846 -4 21]
 ST 140-2  5.849e+01  [-60 9.682e-04 5.821e-05 9.944e-06]  [691 -3 51]
 ST 140-3s 5.856e+01  [-158 1.254e-08 7.539e-10 1.653e-03]  [496 -5 48]
 ST 141-1  5.885e+01  [0 1.000e+00 8.121e-02 9.904e-06]  [899 -3 17]
 ST 141-2  5.895e+01  [-57 1.338e-03 1.086e-04 9.892e-06]  [743 -3 44]
 ST 141-3s 5.903e+01  [-153 2.080e-08 1.689e-09 7.368e-04]  [681 -2 60]
 ST 142-1  5.929e+01  [0 1.000e+00 1.796e-01 9.992e-06]  [799 -3 26]
 ST 142-2  5.935e+01  [-47 4.332e-03 7.780e-04 9.997e-06]  [632 -2 58]
 ST 142-3s 5.943e+01  [-142 7.430e-08 1.334e-08 9.364e-05]  [811 -5 62]
 ST 143-1  5.988e+01  [0 1.000e+00 2.064e-01 9.917e-06]  [750 -4 11]
 ST 143-2  5.996e+01  [-48 3.682e-03 7.601e-04 9.981e-06]  [652 -4 63]
 ST 143-3s 6.003e+01  [-142 7.141e-08 1.474e-08 8.401e-05]  [797 -3 63]
 ST 144-1  6.023e+01  [0 1.000e+00 2.047e-01 9.945e-06]  [807 -4 28]
 ST 144-2  6.187e+01  [-56 1.539e-03 3.149e-04 9.960e-06]  [703 -4 3]
 ST 144-3s 6.193e+01  [-149 3.284e-08 6.723e-09 1.848e-04]  [787 -2 57]
 ST 145-1  6.214e+01  [0 1.000e+00 2.292e-01 9.986e-06]  [803 -4 23]
 ST 145-2  6.221e+01  [-54 1.954e-03 4.479e-04 9.964e-06]  [718 0 59]
 ST 145-3s 6.234e+01  [-146 4.824e-08 1.106e-08 1.115e-04]  [712 -5 75]
 ST 146-1  6.259e+01  [0 1.000e+00 2.428e-01 9.963e-06]  [792 -3 16]
 ST 146-2  6.267e+01  [-57 1.356e-03 3.293e-04 9.910e-06]  [745 -3 48]
 ST 146-3s 6.281e+01  [-148 3.709e-08 9.005e-09 1.379e-04]  [747 -4 27]
 ST 147-1  6.306e+01  [0 1.000e+00 2.581e-01 9.933e-06]  [732 -1 17]
 ST 147-2  6.313e+01  [-61 8.016e-04 2.069e-04 9.982e-06]  [752 -4 60]
 ST 147-3s 6.319e+01  [-152 2.307e-08 5.953e-09 2.065e-04]  [601 -4 53]
 ST 148-1  6.338e+01  [0 1.000e+00 2.583e-01 9.853e-06]  [637 -3 17]
 ST 148-2  6.345e+01  [-61 7.972e-04 2.059e-04 9.965e-06]  [707 -5 56]
 ST 148-3s 6.352e+01  [-152 2.411e-08 6.226e-09 2.006e-04]  [631 -3 56]
 ST 149-1  6.375e+01  [0 1.000e+00 2.744e-01 9.912e-06]  [688 -3 15]
 ST 149-2  6.382e+01  [-67 4.069e-04 1.116e-04 9.969e-06]  [826 -1 61]
 ST 149-3s 6.388e+01  [-157 1.381e-08 3.790e-09 3.295e-04]  [553 -5 49]
 ST 150-1  6.411e+01  [0 1.000e+00 2.581e-01 9.996e-06]  [737 -2 16]
 ST 150-2  6.418e+01  [-73 2.144e-04 5.534e-05 9.963e-06]  [841 -3 60]
 ST 150-3s 6.425e+01  [-162 7.813e-09 2.016e-09 6.153e-04]  [543 -4 58]
 ST 151-1  6.453e+01  [0 1.000e+00 2.404e-01 9.992e-06]  [700 -3 13]
 ST 151-2  6.461e+01  [-74 1.961e-04 4.716e-05 9.978e-06]  [819 0 63]
 ST 151-3s 6.473e+01  [-163 6.576e-09 1.581e-09 7.838e-04]  [537 -3 48]
 ST 152-1  6.504e+01  [0 1.000e+00 2.148e-01 9.977e-06]  [752 -4 15]
 ST 152-2  6.511e+01  [-71 2.681e-04 5.759e-05 9.927e-06]  [795 -2 61]
 ST 152-3s 6.516e+01  [-162 7.289e-09 1.566e-09 7.936e-04]  [537 -4 52]
 ST 153-1  6.536e+01  [0 1.000e+00 1.918e-01 9.893e-06]  [676 -1 17]
 ST 153-2  6.543e+01  [-73 2.003e-04 3.843e-05 9.947e-06]  [801 -3 59]
 ST 153-3s 6.549e+01  [-164 6.091e-09 1.168e-09 1.066e-03]  [532 -3 51]
 ST 154-1  6.582e+01  [0 1.000e+00 1.773e-01 9.957e-06]  [751 -3 17]
 ST 154-2  6.592e+01  [-76 1.578e-04 2.798e-05 9.999e-06]  [819 0 40]
 ST 154-3s 6.598e+01  [-163 6.326e-09 1.121e-09 1.107e-03]  [566 0 49]
 ST 155-1  6.626e+01  [0 1.000e+00 1.679e-01 9.967e-06]  [795 -3 17]
 ST 155-2  6.635e+01  [-73 2.133e-04 3.582e-05 9.942e-06]  [811 -4 67]
 ST 155-3s 6.641e+01  [-162 7.332e-09 1.231e-09 1.016e-03]  [581 -2 52]
 ST 156-1  6.666e+01  [0 1.000e+00 1.483e-01 9.965e-06]  [841 -2 30]
 ST 156-2  6.674e+01  [-72 2.373e-04 3.519e-05 9.937e-06]  [825 -1 61]
 ST 156-3s 6.681e+01  [-162 7.506e-09 1.113e-09 1.120e-03]  [568 0 48]
 ST 157-1  6.717e+01  [0 1.000e+00 1.373e-01 9.996e-06]  [819 0 18]
 ST 157-2  6.725e+01  [-73 2.073e-04 2.846e-05 9.939e-06]  [831 -2 66]
 ST 157-3s 6.731e+01  [-163 6.499e-09 8.924e-10 1.399e-03]  [543 -4 52]
 ST 158-1  6.753e+01  [0 1.000e+00 1.272e-01 9.917e-06]  [787 -2 24]
 ST 158-2  6.761e+01  [-73 2.009e-04 2.554e-05 9.965e-06]  [811 -4 61]
 ST 158-3s 6.766e+01  [-162 7.459e-09 9.485e-10 1.311e-03]  [541 -3 53]
 ST 159-1  6.792e+01  [0 1.000e+00 1.179e-01 9.916e-06]  [736 -2 15]
 ST 159-2  6.801e+01  [-77 1.407e-04 1.659e-05 9.850e-06]  [806 -4 62]
 ST 159-3s 6.810e+01  [-163 6.317e-09 7.447e-10 1.658e-03]  [509 -5 32]
 ST 160-1  6.836e+01  [0 1.000e+00 1.102e-01 9.916e-06]  [797 -3 20]
 ST 160-2  6.845e+01  [-76 1.482e-04 1.633e-05 9.861e-06]  [826 -1 60]
 ST 160-3s 6.850e+01  [-165 5.512e-09 6.075e-10 2.058e-03]  [493 -3 46]
 ST 161-1  6.871e+01  [0 1.000e+00 1.061e-01 9.964e-06]  [842 -2 23]
 ST 161-2  6.878e+01  [-79 1.092e-04 1.158e-05 9.989e-06]  [813 -5 61]
 ST 161-3s 6.884e+01  [-165 5.178e-09 5.492e-10 2.273e-03]  [475 -1 49]
 ST 162-1  6.904e+01  [0 1.000e+00 1.003e-01 9.935e-06]  [852 -3 22]
 ST 162-2  6.913e+01  [-78 1.146e-04 1.149e-05 9.874e-06]  [834 -2 67]
 ST 162-3s 6.919e+01  [-165 5.279e-09 5.293e-10 2.350e-03]  [488 -2 52]
 ST 163-1  6.950e+01  [0 1.000e+00 1.003e-01 9.890e-06]  [810 -4 14]
 ST 163-2  6.959e+01  [-78 1.160e-04 1.163e-05 9.926e-06]  [877 -1 63]
 ST 163-3s 6.964e+01  [-165 5.163e-09 5.177e-10 2.406e-03]  [490 -3 46]
 ST 164-1  6.994e+01  [0 1.000e+00 9.661e-02 9.999e-06]  [769 0 13]
 ST 164-2  7.003e+01  [-77 1.319e-04 1.274e-05 9.957e-06]  [880 -1 60]
 ST 164-3s 7.008e+01  [-165 5.463e-09 5.278e-10 2.354e-03]  [479 -2 47]
 ST 165-1  7.049e+01  [0 1.000e+00 1.006e-01 9.995e-06]  [700 -4 14]
 ST 165-2  7.063e+01  [-74 1.810e-04 1.821e-05 9.951e-06]  [943 -2 79]
 ST 165-3s 7.069e+01  [-161 8.069e-09 8.117e-10 1.532e-03]  [533 -2 44]
 ST 166-1  7.094e+01  [0 1.000e+00 1.031e-01 9.971e-06]  [793 -3 18]
 ST 166-2  7.101e+01  [-71 2.569e-04 2.649e-05 9.928e-06]  [913 -4 62]
 ST 166-3s 7.106e+01  [-158 1.159e-08 1.195e-09 1.039e-03]  [575 -1 52]
 ST 167-1  7.124e+01  [0 1.000e+00 1.099e-01 9.935e-06]  [832 -1 21]
 ST 167-2  7.136e+01  [-69 3.538e-04 3.888e-05 9.938e-06]  [859 -4 40]
 ST 167-3s 7.142e+01  [-156 1.561e-08 1.716e-09 7.267e-04]  [602 -3 52]
 ST 168-1  7.162e+01  [0 1.000e+00 1.135e-01 9.983e-06]  [824 0 23]
 ST 168-2  7.168e+01  [-70 3.139e-04 3.562e-05 9.946e-06]  [871 0 61]
 ST 168-3s 7.174e+01  [-156 1.471e-08 1.669e-09 7.439e-04]  [601 -3 55]
 ST 169-1  7.195e+01  [0 1.000e+00 1.176e-01 9.960e-06]  [798 -3 19]
 ST 169-2  7.202e+01  [-71 2.770e-04 3.258e-05 9.938e-06]  [890 -2 64]
 ST 169-3s 7.208e+01  [-157 1.374e-08 1.616e-09 7.737e-04]  [599 -3 53]
 ST 170-1  7.230e+01  [0 1.000e+00 1.194e-01 9.953e-06]  [785 -2 17]
 ST 170-2  7.237e+01  [-70 3.046e-04 3.637e-05 9.973e-06]  [870 0 67]
 ST 170-3s 7.243e+01  [-156 1.518e-08 1.813e-09 6.876e-04]  [596 -3 56]
 ST 171-1  7.264e+01  [0 1.000e+00 1.253e-01 9.986e-06]  [722 -1 16]
 ST 171-2  7.274e+01  [-70 3.119e-04 3.908e-05 9.943e-06]  [861 -4 70]
 ST 171-3s 7.279e+01  [-156 1.576e-08 1.975e-09 6.328e-04]  [589 -2 52]
 ST 172-1  7.296e+01  [0 1.000e+00 1.285e-01 9.917e-06]  [729 -1 19]
 ST 172-2  7.303e+01  [-71 2.784e-04 3.578e-05 9.998e-06]  [901 -3 64]
 ST 172-3s 7.309e+01  [-156 1.475e-08 1.896e-09 6.560e-04]  [579 -1 53]
 ST 173-1  7.340e+01  [0 1.000e+00 1.332e-01 9.927e-06]  [779 -1 17]
 ST 173-2  7.348e+01  [-71 2.803e-04 3.733e-05 9.968e-06]  [904 -4 68]
 ST 173-3s 7.354e+01  [-156 1.580e-08 2.104e-09 5.942e-04]  [582 -1 53]
 ST 174-1  7.378e+01  [0 1.000e+00 1.373e-01 9.945e-06]  [798 -3 17]
 ST 174-2  7.385e+01  [-70 2.860e-04 3.927e-05 9.950e-06]  [910 -4 61]
 ST 174-3s 7.390e+01  [-155 1.683e-08 2.312e-09 5.375e-04]  [592 -2 57]
 ST 175-1  7.414e+01  [0 1.000e+00 1.429e-01 9.955e-06]  [794 -3 15]
 ST 175-2  7.425e+01  [-71 2.770e-04 3.958e-05 9.938e-06]  [915 -4 58]
 ST 175-3s 7.430e+01  [-155 1.707e-08 2.440e-09 5.103e-04]  [596 -3 51]
 ST 176-1  7.461e+01  [0 1.000e+00 1.467e-01 9.964e-06]  [775 -1 12]
 ST 176-2  7.468e+01  [-71 2.566e-04 3.764e-05 9.954e-06]  [925 0 63]
 ST 176-3s 7.474e+01  [-155 1.659e-08 2.434e-09 5.137e-04]  [598 -3 57]
 ST 177-1  7.502e+01  [0 1.000e+00 1.519e-01 9.955e-06]  [740 -2 12]
 ST 177-2  7.510e+01  [-71 2.572e-04 3.906e-05 9.952e-06]  [930 -1 59]
 ST 177-3s 7.518e+01  [-155 1.686e-08 2.560e-09 4.833e-04]  [603 -4 63]
 ST 178-1  7.549e+01  [0 1.000e+00 1.562e-01 9.970e-06]  [680 -2 25]
 ST 178-2  7.556e+01  [-72 2.429e-04 3.794e-05 9.937e-06]  [900 -3 63]
 ST 178-3s 7.561e+01  [-156 1.582e-08 2.470e-09 5.029e-04]  [603 -4 52]
 ST 179-1  7.578e+01  [0 1.000e+00 1.615e-01 9.898e-06]  [698 -3 20]
 ST 179-2  7.585e+01  [-72 2.315e-04 3.739e-05 9.958e-06]  [916 -4 66]
 ST 179-3s 7.591e+01  [-156 1.502e-08 2.427e-09 5.108e-04]  [623 -1 54]
 ST 180-1  7.617e+01  [0 1.000e+00 1.655e-01 9.928e-06]  [747 -3 22]
 ST 180-2  7.626e+01  [-73 2.141e-04 3.544e-05 9.993e-06]  [952 -3 48]
 ST 180-3s 7.633e+01  [-156 1.520e-08 2.517e-09 4.960e-04]  [639 -3 49]
 ST 181-1  7.666e+01  [0 1.000e+00 1.708e-01 9.926e-06]  [767 0 12]
 ST 181-2  7.673e+01  [-73 2.029e-04 3.465e-05 9.991e-06]  [955 -3 65]
 ST 181-3s 7.679e+01  [-156 1.510e-08 2.579e-09 4.821e-04]  [644 -3 57]
 ST 182-1  7.697e+01  [0 1.000e+00 1.744e-01 9.930e-06]  [769 0 21]
 ST 182-2  7.704e+01  [-74 1.826e-04 3.185e-05 9.923e-06]  [969 -4 65]
 ST 182-3s 7.718e+01  [-156 1.435e-08 2.502e-09 4.984e-04]  [647 -3 31]
 ST 183-1  7.756e+01  [0 1.000e+00 1.787e-01 9.926e-06]  [757 -4 10]
 ST 183-2  7.764e+01  [-75 1.654e-04 2.956e-05 9.933e-06]  [981 -1 64]
 ST 183-3s 7.770e+01  [-157 1.390e-08 2.485e-09 5.028e-04]  [650 -3 56]
 ST 184-1  7.786e+01  [0 1.000e+00 1.812e-01 9.984e-06]  [737 -2 22]
 ST 184-2  7.794e+01  [-76 1.423e-04 2.578e-05 9.937e-06]  [979 -1 63]
 ST 184-3s 7.800e+01  [-157 1.294e-08 2.344e-09 5.297e-04]  [648 -3 52]
 ST 185-1  7.820e+01  [0 1.000e+00 1.840e-01 9.923e-06]  [710 -4 18]
 ST 185-2  7.828e+01  [-78 1.232e-04 2.267e-05 9.966e-06]  [975 0 68]
 ST 185-3s 7.834e+01  [-158 1.206e-08 2.220e-09 5.603e-04]  [640 -2 53]
 ST 186-1  7.912e+01  [0 1.000e+00 1.850e-01 9.999e-06]  [706 -4 8]
 ST 186-2  7.919e+01  [-79 1.024e-04 1.894e-05 9.976e-06]  [976 0 67]
 ST 186-3s 7.925e+01  [-158 1.131e-08 2.091e-09 5.964e-04]  [616 0 55]
 ST 187-1  7.949e+01  [0 1.000e+00 1.859e-01 9.987e-06]  [730 -1 15]
 ST 187-2  7.957e+01  [-81 8.547e-05 1.589e-05 9.988e-06]  [989 -1 67]
 ST 187-3s 7.962e+01  [-159 1.077e-08 2.003e-09 6.235e-04]  [592 -3 53]
 ST 188-1  7.982e+01  [0 1.000e+00 1.849e-01 9.967e-06]  [746 -3 19]
 ST 188-2  7.991e+01  [-82 7.328e-05 1.355e-05 9.995e-06]  [992 -2 67]
 ST 188-3s 7.997e+01  [-159 1.052e-08 1.945e-09 6.430e-04]  [581 -2 55]
 ST 189-1  8.020e+01  [0 1.000e+00 1.836e-01 9.930e-06]  [753 -3 15]
 ST 189-2  8.030e+01  [-83 6.677e-05 1.226e-05 9.937e-06]  [997 -2 67]
 ST 189-3s 8.036e+01  [-159 1.074e-08 1.973e-09 6.315e-04]  [576 -1 50]
 ST 190-1  8.060e+01  [0 1.000e+00 1.787e-01 9.934e-06]  [765 -4 21]
 ST 190-2  8.069e+01  [-83 6.658e-05 1.190e-05 9.877e-06]  [1018 -4 66]
 ST 190-3s 8.074e+01  [-159 1.098e-08 1.962e-09 6.355e-04]  [565 0 50]
 ST 191-1  8.095e+01  [0 1.000e+00 1.733e-01 9.999e-06]  [758 -4 17]
 ST 191-2  8.103e+01  [-83 6.403e-05 1.110e-05 9.931e-06]  [1011 -3 66]
 ST 191-3s 8.109e+01  [-158 1.139e-08 1.975e-09 6.331e-04]  [569 -1 50]
 ST 192-1  8.142e+01  [0 1.000e+00 1.681e-01 9.954e-06]  [743 -3 12]
 ST 192-2  8.151e+01  [-81 8.313e-05 1.397e-05 9.979e-06]  [997 -2 57]
 ST 192-3s 8.159e+01  [-158 1.222e-08 2.054e-09 6.064e-04]  [596 -3 43]
 ST 193-1  8.175e+01  [0 1.000e+00 1.601e-01 9.981e-06]  [706 -4 22]
 ST 193-2  8.183e+01  [-79 1.098e-04 1.757e-05 9.956e-06]  [1001 -2 68]
 ST 193-3s 8.190e+01  [-157 1.274e-08 2.039e-09 6.093e-04]  [618 0 53]
 ST 194-1  8.210e+01  [0 1.000e+00 1.510e-01 9.951e-06]  [694 -3 17]
 ST 194-2  8.218e+01  [-77 1.379e-04 2.082e-05 9.945e-06]  [968 -4 63]
 ST 194-3s 8.224e+01  [-157 1.401e-08 2.115e-09 5.874e-04]  [624 -1 48]
 ST 195-1  8.266e+01  [0 1.000e+00 1.420e-01 9.966e-06]  [733 -2 11]
 ST 195-2  8.274e+01  [-75 1.612e-04 2.290e-05 9.992e-06]  [981 -1 64]
 ST 195-3s 8.282e+01  [-157 1.374e-08 1.952e-09 6.370e-04]  [623 -1 54]
 ST 196-1  8.308e+01  [0 1.000e+00 1.326e-01 9.987e-06]  [768 0 14]
 ST 196-2  8.316e+01  [-74 1.920e-04 2.545e-05 9.991e-06]  [963 -4 64]
 ST 196-3s 8.322e+01  [-157 1.394e-08 1.848e-09 6.735e-04]  [621 -1 53]
 ST 197-1  8.344e+01  [0 1.000e+00 1.235e-01 9.957e-06]  [787 -2 17]
 ST 197-2  8.352e+01  [-72 2.257e-04 2.787e-05 9.947e-06]  [947 -3 63]
 ST 197-3s 8.361e+01  [-156 1.514e-08 1.870e-09 6.656e-04]  [620 -1 55]
 ST 198-1  8.385e+01  [0 1.000e+00 1.141e-01 9.996e-06]  [798 -3 16]
 ST 198-2  8.394e+01  [-72 2.319e-04 2.646e-05 9.995e-06]  [949 -3 70]
 ST 198-3s 8.400e+01  [-155 1.605e-08 1.832e-09 6.809e-04]  [626 -1 53]
 ST 199-1  8.426e+01  [0 1.000e+00 1.067e-01 9.983e-06]  [880 -1 18]
 ST 199-2  8.433e+01  [-48 3.577e-03 3.816e-04 9.972e-06]  [703 -4 55]
 ST 199-3s 8.439e+01  [-143 6.536e-08 6.973e-09 1.792e-04]  [792 -2 54]
 ST 200-1  8.481e+01  [0 1.000e+00 1.379e+00 9.950e-06]  [950 -3 14]
 ST 200-2  8.488e+01  [-12 2.278e-01 3.142e-01 9.957e-06]  [590 -3 49]
 ST 200-3  8.496e+01  [-97 1.302e-05 1.796e-05 9.934e-06]  [994 -2 65]
 ST 200-4s 8.504e+01  [-166 4.616e-09 6.367e-09 1.958e-04]  [665 0 41]
