201 512
0.000000 0.000000
0.005000 0.000000
0.010000 0.000000
0.015000 0.000000
0.020000 0.000000
0.025000 0.000000
0.030000 0.000000
0.035000 0.000000
0.040000 0.000000
0.045000 0.000000
0.050000 0.000000
0.055000 0.000000
0.060000 0.000000
0.065000 0.000000
0.070000 0.000000
0.075000 0.000000
0.080000 0.000000
0.085000 0.000000
0.090000 0.000000
0.095000 0.000000
0.100000 0.000000
0.105000 0.000000
0.110000 0.000000
0.115000 0.000000
0.120000 0.000000
0.125000 0.000000
0.130000 0.000000
0.135000 0.000000
0.140000 0.000000
0.145000 0.000000
0.150000 11.732940
0.155000 2542.593876
0.160000 8875.540308
0.165000 18181.929208
0.170000 29715.147444
0.175000 42810.611764
0.180000 56885.768796
0.185000 71440.095064
0.190000 86055.096968
0.195000 100394.310796
0.200000 114203.302720
0.205000 127309.668800
0.210000 139623.034980
0.215000 151135.057084
0.220000 161919.420828
0.225000 172131.841812
0.230000 182010.065516
0.235000 191873.867312
0.240000 201915.926268
0.245000 211744.984916
0.250000 221331.490624
0.255000 230681.324476
0.260000 239800.250924
0.265000 248693.917752
0.270000 257367.856108
0.275000 265827.480488
0.280000 274078.088740
0.285000 282124.862060
0.290000 289972.865000
0.295000 297627.045464
0.300000 305092.234704
0.305000 312373.147324
0.310000 319474.381276
0.315000 326400.417876
0.320000 333155.601656
0.325000 339744.048120
0.330000 346169.830652
0.335000 352436.947688
0.340000 358549.308844
0.345000 364510.734908
0.350000 370324.957832
0.355000 375995.620736
0.360000 381526.277916
0.365000 386920.394828
0.370000 392181.350048
0.375000 397312.436728
0.380000 402316.842004
0.385000 407197.679212
0.390000 411957.992640
0.395000 416600.757524
0.400000 421128.880048
0.405000 425545.197340
0.410000 429852.477484
0.415000 434053.419500
0.420000 438150.534524
0.425000 442145.950308
0.430000 446043.727584
0.435000 449847.292360
0.440000 453558.897536
0.445000 457179.622880
0.450000 460709.375060
0.455000 464146.887616
0.460000 467489.720976
0.465000 470734.262448
0.470000 473961.630236
0.475000 478394.795672
0.480000 474519.814660
0.485000 452356.836816
0.490000 406722.271852
0.495000 352935.381196
0.500000 303603.408408
0.505000 261179.616940
0.510000 224926.621488
0.515000 193576.679404
0.520000 166603.343980
0.525000 143409.098048
0.530000 123454.188984
0.535000 106257.145764
0.540000 91430.605972
0.545000 78676.905640
0.550000 67722.541068
0.555000 58313.775188
0.560000 50216.637564
0.565000 43223.005748
0.570000 37192.205072
0.575000 32005.342100
0.580000 27550.129660
0.585000 23722.648976
0.590000 20427.349692
0.595000 17581.026636
0.600000 15127.851944
0.605000 13018.529284
0.610000 11206.893204
0.615000 9650.250968
0.620000 8309.382564
0.625000 7151.107828
0.630000 6153.269200
0.635000 5295.495172
0.640000 4558.809556
0.645000 3925.679032
0.650000 3380.013132
0.655000 2908.713740
0.660000 2502.856064
0.665000 2154.041732
0.670000 1854.471472
0.675000 1596.945452
0.680000 1374.869308
0.685000 1183.117160
0.690000 1018.046472
0.695000 876.203060
0.700000 754.381776
0.705000 649.626516
0.710000 559.243160
0.715000 481.231512
0.720000 414.096324
0.725000 356.417124
0.730000 306.876900
0.735000 264.262104
0.740000 227.476592
0.745000 195.740328
0.750000 168.436984
0.755000 144.982472
0.760000 124.835696
0.765000 107.498536
0.770000 92.527320
0.775000 79.617200
0.780000 68.513484
0.785000 58.976028
0.790000 50.782548
0.795000 43.728608
0.800000 37.635784
0.805000 32.384280
0.810000 27.868744
0.815000 23.990460
0.820000 20.658116
0.825000 17.787832
0.830000 15.308412
0.835000 13.172332
0.840000 11.336048
0.845000 9.758980
0.850000 8.403628
0.855000 7.235584
0.860000 6.226700
0.865000 5.357872
0.870000 4.611144
0.875000 3.969840
0.880000 3.418552
0.885000 2.943180
0.890000 2.532708
0.895000 2.179336
0.900000 1.875680
0.905000 1.614892
0.910000 1.390644
0.915000 1.197172
0.920000 1.030176
0.925000 0.886456
0.930000 0.762980
0.935000 0.656924
0.940000 0.565704
0.945000 0.486960
0.950000 0.419024
0.955000 0.360572
0.960000 0.310364
0.965000 0.267232
0.970000 0.230120
0.975000 0.198076
0.980000 0.170452
0.985000 0.146688
0.990000 0.126272
0.995000 0.108720
1.000000 0.093600
