---------------------------------------------------------------------
 Eq     N-i     T       dB  Ri/R1   Ri/R0    R/Ri     lsIt   dB  %t
---------------------------------------------------------------------
 ST 1-1  7.210e-01  [0 1.000e+00 1.000e+00 9.977e-06]  [1736 0 80]
 ST 1-2  1.155e+00  [-27 4.345e-02 4.345e-02 9.968e-06]  [874 0 68]
 ST 1-3s 2.153e+00  [-127 4.352e-07 4.352e-07 9.955e-06]  [2501 0 86]
 ST 2-1  3.239e+00  [0 1.000e+00 1.262e+00 9.964e-06]  [1523 -2 47]
 ST 2-2  3.682e+00  [-33 2.106e-02 2.657e-02 9.983e-06]  [901 -1 68]
 ST 2-3s 4.521e+00  [-133 2.106e-07 2.658e-07 9.915e-06]  [2079 -2 83]
 ST 3-1  5.574e+00  [0 1.000e+00 9.902e-01 9.992e-06]  [1389 0 44]
 ST 3-2  6.090e+00  [-42 7.192e-03 7.121e-03 9.951e-06]  [1093 -1 73]
 ST 3-3s 6.827e+00  [-142 7.174e-08 7.104e-08 1.272e-05]  [1762 -1 81]
 ST 4-1  7.945e+00  [0 1.000e+00 8.392e-01 9.996e-06]  [1564 -2 46]
 ST 4-2  8.438e+00  [-34 1.983e-02 1.664e-02 9.962e-06]  [1020 -2 71]
 ST 4-3s 9.530e+00  [-134 1.980e-07 1.662e-07 9.975e-06]  [2822 -1 87]
 ST 5-1  1.059e+01  [0 1.000e+00 5.279e-01 1.000e-05]  [1561 -1 51]
 ST 5-2  1.106e+01  [-38 1.194e-02 6.302e-03 9.993e-06]  [983 -1 69]
 ST 5-3s 1.180e+01  [-138 1.193e-07 6.298e-08 1.438e-05]  [1762 -1 80]
 ST 6-1  1.363e+01  [0 1.000e+00 3.672e-01 9.977e-06]  [1463 -2 27]
 ST 6-2  1.414e+01  [-36 1.469e-02 5.395e-03 9.990e-06]  [1070 -2 72]
 ST 6-3s 1.517e+01  [-136 1.468e-07 5.390e-08 1.683e-05]  [2678 -1 86]
 ST 7-1  1.632e+01  [0 1.000e+00 2.719e-01 9.978e-06]  [1771 -2 50]
 ST 7-2  1.675e+01  [-34 1.819e-02 4.945e-03 9.979e-06]  [852 -2 65]
 ST 7-3s 1.741e+01  [-134 1.815e-07 4.935e-08 1.818e-05]  [1572 -2 78]
 ST 8-1  1.840e+01  [0 1.000e+00 2.178e-01 9.965e-06]  [1379 0 45]
 ST 8-2  1.894e+01  [-40 9.401e-03 2.047e-03 9.987e-06]  [1185 -1 73]
 ST 8-3s 1.974e+01  [-140 9.389e-08 2.045e-08 4.434e-05]  [1961 -1 82]
 ST 9-1  2.100e+01  [0 1.000e+00 1.281e-01 9.951e-06]  [1800 -1 48]
 ST 9-2  2.144e+01  [-33 2.156e-02 2.762e-03 9.997e-06]  [895 -1 68]
 ST 9-3s 2.205e+01  [-133 2.155e-07 2.761e-08 3.276e-05]  [1403 -2 77]
 ST 10-1  2.312e+01  [0 1.000e+00 1.304e-01 9.964e-06]  [1559 -1 49]
 ST 10-2  2.364e+01  [-37 1.273e-02 1.660e-03 9.964e-06]  [1091 -1 71]
 ST 10-3s 2.430e+01  [-137 1.269e-07 1.654e-08 5.489e-05]  [1560 -1 78]
 ST 11-1  2.540e+01  [0 1.000e+00 8.587e-02 9.989e-06]  [1693 0 50]
 ST 11-2  2.588e+01  [-36 1.559e-02 1.339e-03 9.968e-06]  [963 -2 69]
 ST 11-3s 2.669e+01  [-136 1.554e-07 1.334e-08 6.784e-05]  [2014 -1 82]
 ST 12-1  2.778e+01  [0 1.000e+00 8.553e-02 9.987e-06]  [1575 -2 49]
 ST 12-2  2.827e+01  [-36 1.541e-02 1.318e-03 9.968e-06]  [1023 0 70]
 ST 12-3s 2.910e+01  [-136 1.536e-07 1.314e-08 6.903e-05]  [2056 0 82]
 ST 13-1  3.023e+01  [0 1.000e+00 6.194e-02 9.978e-06]  [1758 -1 52]
 ST 13-2  3.072e+01  [-39 1.025e-02 6.349e-04 9.978e-06]  [1035 0 70]
 ST 13-3s 3.125e+01  [-139 1.023e-07 6.335e-09 1.430e-04]  [1166 -3 72]
 ST 14-1  3.234e+01  [0 1.000e+00 7.324e-02 9.952e-06]  [1577 -2 48]
 ST 14-2  3.286e+01  [-40 9.592e-03 7.025e-04 9.989e-06]  [1116 -2 72]
 ST 14-3s 3.350e+01  [-140 9.582e-08 7.017e-09 1.293e-04]  [1487 -1 77]
 ST 15-1  3.464e+01  [0 1.000e+00 6.119e-02 9.962e-06]  [1793 0 53]
 ST 15-2  3.519e+01  [-41 8.275e-03 5.063e-04 9.958e-06]  [1197 -1 74]
 ST 15-3s 3.570e+01  [-141 8.240e-08 5.042e-09 1.796e-04]  [1063 -2 71]
 ST 16-1  3.677e+01  [0 1.000e+00 5.319e-02 9.997e-06]  [1659 -1 52]
 ST 16-2  3.739e+01  [-48 3.899e-03 2.074e-04 9.988e-06]  [1409 -1 77]
 ST 16-3s 3.783e+01  [-148 3.895e-08 2.072e-09 4.374e-04]  [891 -2 67]
 ST 17-1  3.891e+01  [0 1.000e+00 6.024e-02 9.984e-06]  [1806 -1 54]
 ST 17-2  3.946e+01  [-46 4.889e-03 2.945e-04 9.955e-06]  [1173 -2 73]
 ST 17-3s 4.030e+01  [-146 4.868e-08 2.932e-09 3.093e-04]  [2042 0 82]
 ST 18-1  4.145e+01  [0 1.000e+00 5.750e-02 9.997e-06]  [1668 -2 48]
 ST 18-2  4.204e+01  [-50 2.965e-03 1.705e-04 9.980e-06]  [1345 -1 76]
 ST 18-3s 4.249e+01  [-150 2.960e-08 1.702e-09 5.332e-04]  [880 -1 67]
 ST 19-1  4.438e+01  [0 1.000e+00 5.090e-02 9.979e-06]  [1608 -1 28]
 ST 19-2  4.504e+01  [-57 1.261e-03 6.419e-05 9.998e-06]  [1510 -1 78]
 ST 19-3s 4.551e+01  [-157 1.261e-08 6.419e-10 1.414e-03]  [976 -1 69]
 ST 20-1  4.657e+01  [0 1.000e+00 5.620e-02 9.992e-06]  [1656 -1 53]
 ST 20-2  4.717e+01  [-52 2.249e-03 1.264e-04 9.985e-06]  [1362 -2 76]
 ST 20-3s 4.770e+01  [-152 2.246e-08 1.262e-09 7.143e-04]  [1161 -2 72]
 ST 21-1  4.877e+01  [0 1.000e+00 5.626e-02 9.982e-06]  [1431 0 45]
 ST 21-2  4.948e+01  [-64 5.959e-04 3.353e-05 9.982e-06]  [1658 -1 79]
 ST 21-3s 4.979e+01  [-164 5.953e-09 3.349e-10 2.698e-03]  [475 -2 52]
 ST 22-1  5.088e+01  [0 1.000e+00 5.365e-02 9.976e-06]  [1734 -2 54]
 ST 22-2  5.158e+01  [-64 6.244e-04 3.350e-05 9.991e-06]  [1643 -1 79]
 ST 22-3s 5.215e+01  [-164 6.243e-09 3.349e-10 2.701e-03]  [1252 -1 74]
 ST 23-1  5.331e+01  [0 1.000e+00 5.494e-02 9.974e-06]  [1749 -1 51]
 ST 23-2  5.405e+01  [-64 6.053e-04 3.325e-05 9.972e-06]  [1776 -2 80]
 ST 23-3s 5.449e+01  [-164 6.040e-09 3.318e-10 2.728e-03]  [882 -1 66]
 ST 24-1  5.563e+01  [0 1.000e+00 5.672e-02 9.999e-06]  [1494 -1 43]
 ST 24-2  5.653e+01  [-83 7.054e-05 4.001e-06 9.978e-06]  [2115 -1 83]
 ST 24-3s 5.676e+01  [-182 7.340e-10 4.163e-11 2.113e-02]  [248 -6 35]
 ST 25-1  5.790e+01  [0 1.000e+00 5.613e-02 9.960e-06]  [1583 0 49]
 ST 25-2  5.853e+01  [-71 2.662e-04 1.494e-05 9.978e-06]  [1412 -1 76]
 ST 25-3s 5.907e+01  [-171 2.664e-09 1.495e-10 6.072e-03]  [1109 -2 72]
 ST 26-1  6.014e+01  [0 1.000e+00 5.620e-02 9.958e-06]  [1328 0 44]
 ST 26-2  6.087e+01  [-76 1.535e-04 8.627e-06 9.974e-06]  [1598 0 79]
 ST 26-3s 6.118e+01  [-176 1.546e-09 8.687e-11 1.042e-02]  [452 -4 50]
 ST 27-1  6.238e+01  [0 1.000e+00 5.832e-02 9.966e-06]  [1637 0 49]
 ST 27-2  6.331e+01  [-91 2.644e-05 1.542e-06 9.966e-06]  [2141 -2 84]
 ST 27-3s 6.367e+01  [-189 3.349e-10 1.953e-11 4.648e-02]  [577 -1 59]
 ST 28-1  6.481e+01  [0 1.000e+00 5.849e-02 9.986e-06]  [1661 -1 50]
 ST 28-2  6.563e+01  [-77 1.400e-04 8.191e-06 9.955e-06]  [1857 -1 81]
 ST 28-3s 6.606e+01  [-177 1.410e-09 8.244e-11 1.096e-02]  [767 0 63]
 ST 29-1  6.714e+01  [0 1.000e+00 5.818e-02 9.975e-06]  [1519 -2 48]
 ST 29-2  6.820e+01  [-92 2.278e-05 1.325e-06 9.994e-06]  [2716 0 86]
 ST 29-3s 6.849e+01  [-190 3.093e-10 1.799e-11 5.038e-02]  [399 -2 49]
 ST 30-1  6.983e+01  [0 1.000e+00 5.992e-02 9.993e-06]  [1609 -1 42]
 ST 30-2  7.082e+01  [-86 4.646e-05 2.784e-06 9.990e-06]  [2422 -1 85]
 ST 30-3s 7.103e+01  [-185 5.060e-10 3.032e-11 2.982e-02]  [176 -5 29]
 ST 31-1  7.221e+01  [0 1.000e+00 6.085e-02 9.997e-06]  [1560 -1 46]
 ST 31-2  7.308e+01  [-88 3.594e-05 2.187e-06 9.986e-06]  [2152 0 83]
 ST 31-3s 7.338e+01  [-187 4.100e-10 2.495e-11 3.622e-02]  [458 -3 50]
 ST 32-1  7.530e+01  [0 1.000e+00 6.086e-02 9.982e-06]  [1560 -1 28]
 ST 32-2  7.620e+01  [-97 1.366e-05 8.314e-07 9.969e-06]  [2169 -1 83]
 ST 32-3s 7.641e+01  [-192 2.429e-10 1.478e-11 5.993e-02]  [168 -3 29]
 ST 33-1  7.765e+01  [0 1.000e+00 6.204e-02 9.971e-06]  [1652 -1 45]
 ST 33-2  7.857e+01  [-94 1.939e-05 1.203e-06 9.985e-06]  [2232 -2 84]
 ST 33-3s 7.887e+01  [-191 2.757e-10 1.710e-11 5.306e-02]  [433 -1 51]
 ST 34-1  8.002e+01  [0 1.000e+00 6.310e-02 9.987e-06]  [1545 -1 46]
 ST 34-2  8.095e+01  [-97 1.274e-05 8.038e-07 9.982e-06]  [2271 -1 84]
 ST 34-3s 8.124e+01  [-192 2.308e-10 1.456e-11 6.236e-02]  [379 -2 46]
 ST 35-1  8.232e+01  [0 1.000e+00 6.344e-02 9.961e-06]  [1496 -1 47]
 ST 35-2  8.331e+01  [-96 1.445e-05 9.166e-07 9.964e-06]  [2383 -1 85]
 ST 35-3s 8.366e+01  [-192 2.411e-10 1.529e-11 5.919e-02]  [570 0 56]
 ST 36-1  8.472e+01  [0 1.000e+00 6.445e-02 9.981e-06]  [1503 -1 49]
 ST 36-2  8.568e+01  [-95 1.771e-05 1.141e-06 9.949e-06]  [2381 -1 84]
 ST 36-3s 8.604e+01  [-191 2.586e-10 1.667e-11 5.444e-02]  [614 0 59]
 ST 37-1  8.716e+01  [0 1.000e+00 6.570e-02 9.994e-06]  [1516 -2 48]
 ST 37-2  8.814e+01  [-99 1.062e-05 6.980e-07 9.946e-06]  [2387 -2 84]
 ST 37-3s 8.845e+01  [-193 2.166e-10 1.423e-11 6.369e-02]  [502 -2 51]
 ST 38-1  8.983e+01  [0 1.000e+00 6.629e-02 9.954e-06]  [1618 -2 41]
 ST 38-2  9.080e+01  [-97 1.300e-05 8.617e-07 9.995e-06]  [2460 0 85]
 ST 38-3s 9.109e+01  [-192 2.289e-10 1.518e-11 5.972e-02]  [430 -1 48]
 ST 39-1  9.223e+01  [0 1.000e+00 6.708e-02 9.969e-06]  [1550 -1 47]
 ST 39-2  9.309e+01  [-97 1.267e-05 8.499e-07 9.966e-06]  [2074 -1 82]
 ST 39-3s 9.341e+01  [-193 2.216e-10 1.486e-11 6.098e-02]  [486 -1 52]
 ST 40-1  9.468e+01  [0 1.000e+00 6.832e-02 9.968e-06]  [1190 -1 33]
 ST 40-2  9.567e+01  [-99 1.078e-05 7.365e-07 9.986e-06]  [2463 0 85]
 ST 40-3s 9.591e+01  [-193 2.128e-10 1.454e-11 6.190e-02]  [269 -2 37]
 ST 41-1  9.707e+01  [0 1.000e+00 6.920e-02 9.973e-06]  [1458 -1 49]
 ST 41-2  9.851e+01  [-99 1.073e-05 7.426e-07 9.981e-06]  [2375 -1 86]
 ST 41-3s 9.892e+01  [-193 2.090e-10 1.446e-11 6.228e-02]  [252 -3 36]
 ST 42-1  1.006e+02  [0 1.000e+00 7.006e-02 9.958e-06]  [1468 -2 49]
 ST 42-2  1.022e+02  [-99 1.099e-05 7.697e-07 9.991e-06]  [2509 -1 86]
 ST 42-3s 1.027e+02  [-193 2.120e-10 1.485e-11 6.097e-02]  [529 -1 56]
 ST 43-1  1.044e+02  [0 1.000e+00 7.126e-02 9.967e-06]  [1566 -2 51]
 ST 43-2  1.065e+02  [-97 1.295e-05 9.230e-07 9.960e-06]  [2267 -1 74]
 ST 43-3s 1.068e+02  [-193 2.190e-10 1.560e-11 5.732e-02]  [147 -6 25]
 ST 44-1  1.084e+02  [0 1.000e+00 7.228e-02 9.965e-06]  [1548 -1 48]
 ST 44-2  1.097e+02  [-98 1.156e-05 8.353e-07 9.967e-06]  [2081 -2 83]
 ST 44-3s 1.102e+02  [-193 2.109e-10 1.524e-11 5.944e-02]  [476 -1 53]
 ST 45-1  1.116e+02  [0 1.000e+00 7.321e-02 9.957e-06]  [1362 -2 49]
 ST 45-2  1.130e+02  [-99 1.059e-05 7.752e-07 9.947e-06]  [2179 -1 84]
 ST 45-3s 1.135e+02  [-193 2.003e-10 1.466e-11 6.171e-02]  [472 -1 53]
 ST 46-1  1.150e+02  [0 1.000e+00 7.441e-02 9.990e-06]  [1232 0 44]
 ST 46-2  1.166e+02  [-99 1.115e-05 8.295e-07 9.978e-06]  [2366 -1 85]
 ST 46-3s 1.170e+02  [-193 2.052e-10 1.527e-11 5.936e-02]  [273 -2 39]
 ST 47-1  1.184e+02  [0 1.000e+00 7.559e-02 9.969e-06]  [1305 -1 45]
 ST 47-2  1.198e+02  [-99 1.034e-05 7.820e-07 9.975e-06]  [2185 -2 83]
 ST 47-3s 1.203e+02  [-194 1.993e-10 1.507e-11 6.019e-02]  [458 -2 53]
 ST 48-1  1.220e+02  [0 1.000e+00 7.663e-02 9.989e-06]  [1529 -2 50]
 ST 48-2  1.237e+02  [-98 1.138e-05 8.719e-07 9.980e-06]  [2725 -1 86]
 ST 48-3s 1.241e+02  [-193 2.014e-10 1.544e-11 5.866e-02]  [151 -7 27]
 ST 49-1  1.258e+02  [0 1.000e+00 7.785e-02 9.949e-06]  [1562 -1 48]
 ST 49-2  1.274e+02  [-97 1.298e-05 1.010e-06 9.981e-06]  [2067 -1 82]
 ST 49-3s 1.278e+02  [-193 2.102e-10 1.637e-11 5.458e-02]  [161 -1 27]
 ST 50-1  1.297e+02  [0 1.000e+00 7.914e-02 9.973e-06]  [1485 0 49]
 ST 50-2  1.317e+02  [-99 1.073e-05 8.494e-07 9.980e-06]  [2775 -1 85]
 ST 50-3s 1.321e+02  [-194 1.979e-10 1.566e-11 5.798e-02]  [260 0 39]
 ST 51-1  1.338e+02  [0 1.000e+00 8.033e-02 9.962e-06]  [1286 0 42]
 ST 51-2  1.357e+02  [-99 1.049e-05 8.423e-07 9.984e-06]  [2552 0 88]
 ST 51-3s 1.367e+02  [-194 1.955e-10 1.571e-11 5.774e-02]  [541 -1 28]
 ST 52-1  1.380e+02  [0 1.000e+00 8.159e-02 9.968e-06]  [1125 0 40]
 ST 52-2  1.398e+02  [-99 1.071e-05 8.734e-07 1.000e-05]  [2717 -1 89]
 ST 52-3s 1.404e+02  [-194 1.943e-10 1.586e-11 5.706e-02]  [471 -1 55]
 ST 53-1  1.424e+02  [0 1.000e+00 8.295e-02 9.991e-06]  [1441 -1 46]
 ST 53-2  1.438e+02  [-98 1.129e-05 9.365e-07 9.988e-06]  [2161 -1 83]
 ST 53-3s 1.441e+02  [-194 1.956e-10 1.622e-11 5.421e-02]  [166 -3 31]
 ST 54-1  1.459e+02  [0 1.000e+00 8.429e-02 9.959e-06]  [1502 -1 47]
 ST 54-2  1.473e+02  [-98 1.212e-05 1.021e-06 9.999e-06]  [2211 -1 83]
 ST 54-3s 1.478e+02  [-194 1.972e-10 1.662e-11 5.456e-02]  [512 0 57]
 ST 55-1  1.494e+02  [0 1.000e+00 8.567e-02 9.996e-06]  [1474 -2 48]
 ST 55-2  1.508e+02  [-98 1.140e-05 9.765e-07 9.957e-06]  [2611 0 86]
 ST 55-3s 1.513e+02  [-194 1.918e-10 1.643e-11 5.521e-02]  [480 -1 54]
 ST 56-1  1.530e+02  [0 1.000e+00 8.714e-02 9.982e-06]  [1372 -2 53]
 ST 56-2  1.548e+02  [-99 1.075e-05 9.370e-07 9.962e-06]  [2809 0 86]
 ST 56-3s 1.554e+02  [-194 1.872e-10 1.631e-11 5.565e-02]  [559 -2 56]
 ST 57-1  1.570e+02  [0 1.000e+00 8.858e-02 9.970e-06]  [1323 -2 49]
 ST 57-2  1.589e+02  [-99 1.064e-05 9.426e-07 9.979e-06]  [2831 -1 86]
 ST 57-3s 1.591e+02  [-194 1.855e-10 1.643e-11 5.313e-02]  [77 -9 13]
 ST 58-1  1.606e+02  [0 1.000e+00 9.004e-02 9.948e-06]  [1391 -1 49]
 ST 58-2  1.620e+02  [-99 1.085e-05 9.774e-07 9.984e-06]  [2131 -2 84]
 ST 58-3s 1.624e+02  [-194 1.840e-10 1.656e-11 5.467e-02]  [337 -1 45]
 ST 59-1  1.642e+02  [0 1.000e+00 9.162e-02 9.985e-06]  [1470 -2 47]
 ST 59-2  1.655e+02  [-98 1.233e-05 1.129e-06 9.961e-06]  [2367 -1 84]
 ST 59-3s 1.658e+02  [-194 1.914e-10 1.753e-11 5.086e-02]  [170 -4 27]
 ST 60-1  1.682e+02  [0 1.000e+00 9.326e-02 9.985e-06]  [1470 -2 31]
 ST 60-2  1.700e+02  [-98 1.182e-05 1.102e-06 9.976e-06]  [2557 0 89]
 ST 60-3s 1.707e+02  [-194 1.887e-10 1.760e-11 5.140e-02]  [585 -1 59]
 ST 61-1  1.723e+02  [0 1.000e+00 9.490e-02 9.964e-06]  [1405 -1 47]
 ST 61-2  1.739e+02  [-99 1.082e-05 1.027e-06 9.998e-06]  [2399 0 85]
 ST 61-3s 1.744e+02  [-194 1.802e-10 1.710e-11 5.282e-02]  [491 -1 53]
 ST 62-1  1.758e+02  [0 1.000e+00 9.657e-02 9.954e-06]  [1359 -1 43]
 ST 62-2  1.770e+02  [-99 1.079e-05 1.042e-06 9.989e-06]  [2150 0 84]
 ST 62-3s 1.775e+02  [-194 1.803e-10 1.741e-11 5.202e-02]  [449 -2 57]
 ST 63-1  1.794e+02  [0 1.000e+00 9.828e-02 9.964e-06]  [1395 -1 47]
 ST 63-2  1.813e+02  [-99 1.093e-05 1.075e-06 9.969e-06]  [2116 -2 85]
 ST 63-3s 1.818e+02  [-194 1.781e-10 1.750e-11 5.118e-02]  [166 -3 31]
 ST 64-1  1.840e+02  [0 1.000e+00 1.001e-01 9.958e-06]  [1457 -1 44]
 ST 64-2  1.856e+02  [-98 1.181e-05 1.181e-06 9.979e-06]  [2307 -1 83]
 ST 64-3s 1.860e+02  [-194 1.840e-10 1.842e-11 4.915e-02]  [424 0 49]
 ST 65-1  1.877e+02  [0 1.000e+00 1.020e-01 9.989e-06]  [1452 -1 49]
 ST 65-2  1.890e+02  [-98 1.235e-05 1.259e-06 9.986e-06]  [2102 -1 83]
 ST 65-3s 1.895e+02  [-194 1.856e-10 1.892e-11 4.799e-02]  [549 -2 56]
 ST 66-1  1.911e+02  [0 1.000e+00 1.039e-01 9.968e-06]  [1379 0 47]
 ST 66-2  1.930e+02  [-98 1.142e-05 1.186e-06 9.974e-06]  [2375 -1 84]
 ST 66-3s 1.934e+02  [-195 1.756e-10 1.825e-11 4.968e-02]  [142 -5 24]
 ST 67-1  1.950e+02  [0 1.000e+00 1.058e-01 9.951e-06]  [1300 -1 42]
 ST 67-2  1.964e+02  [-99 1.096e-05 1.160e-06 9.961e-06]  [2467 -1 85]
 ST 67-3s 1.968e+02  [-195 1.733e-10 1.835e-11 4.918e-02]  [446 -2 50]
 ST 68-1  1.990e+02  [0 1.000e+00 1.078e-01 9.998e-06]  [1357 -1 28]
 ST 68-2  2.002e+02  [-99 1.109e-05 1.195e-06 9.974e-06]  [2184 -2 84]
 ST 68-3s 2.007e+02  [-195 1.729e-10 1.864e-11 4.868e-02]  [544 -2 57]
 ST 69-1  2.022e+02  [0 1.000e+00 1.099e-01 9.974e-06]  [1424 -2 43]
 ST 69-2  2.036e+02  [-98 1.189e-05 1.306e-06 9.981e-06]  [2625 -1 85]
 ST 69-3s 2.038e+02  [-195 1.777e-10 1.952e-11 4.639e-02]  [145 -5 25]
 ST 70-1  2.054e+02  [0 1.000e+00 1.121e-01 9.971e-06]  [1442 -1 47]
 ST 70-2  2.070e+02  [-97 1.260e-05 1.412e-06 9.961e-06]  [2125 -2 84]
 ST 70-3s 2.074e+02  [-194 1.814e-10 2.033e-11 4.464e-02]  [208 0 33]
 ST 71-1  2.092e+02  [0 1.000e+00 1.143e-01 9.973e-06]  [1397 -1 48]
 ST 71-2  2.106e+02  [-98 1.182e-05 1.351e-06 9.942e-06]  [1882 -2 82]
 ST 71-3s 2.111e+02  [-195 1.743e-10 1.993e-11 4.534e-02]  [521 -1 55]
 ST 72-1  2.128e+02  [0 1.000e+00 1.166e-01 9.958e-06]  [1309 -2 45]
 ST 72-2  2.141e+02  [-98 1.144e-05 1.335e-06 1.000e-05]  [1967 -1 81]
 ST 72-3s 2.144e+02  [-195 1.705e-10 1.989e-11 4.555e-02]  [326 0 42]
 ST 73-1  2.158e+02  [0 1.000e+00 1.190e-01 9.967e-06]  [1315 -2 43]
 ST 73-2  2.172e+02  [-98 1.144e-05 1.360e-06 9.971e-06]  [2302 0 86]
 ST 73-3s 2.178e+02  [-195 1.696e-10 2.017e-11 4.483e-02]  [627 -1 59]
 ST 74-1  2.194e+02  [0 1.000e+00 1.214e-01 9.986e-06]  [1398 -1 49]
 ST 74-2  2.209e+02  [-98 1.180e-05 1.432e-06 9.939e-06]  [2197 0 85]
 ST 74-3s 2.215e+02  [-195 1.713e-10 2.079e-11 4.356e-02]  [544 -2 56]
 ST 75-1  2.231e+02  [0 1.000e+00 1.239e-01 9.957e-06]  [1439 0 48]
 ST 75-2  2.247e+02  [-97 1.277e-05 1.583e-06 9.968e-06]  [2408 -1 84]
 ST 75-3s 2.253e+02  [-195 1.772e-10 2.196e-11 4.129e-02]  [673 0 61]
 ST 76-1  2.268e+02  [0 1.000e+00 1.266e-01 9.976e-06]  [1419 -2 47]
 ST 76-2  2.292e+02  [-97 1.260e-05 1.596e-06 9.981e-06]  [2543 -2 91]
 ST 76-3s 2.297e+02  [-195 1.751e-10 2.217e-11 4.089e-02]  [630 -1 59]
 ST 77-1  2.311e+02  [0 1.000e+00 1.293e-01 9.985e-06]  [1359 -1 48]
 ST 77-2  2.323e+02  [-98 1.180e-05 1.526e-06 9.985e-06]  [1999 -1 82]
 ST 77-3s 2.328e+02  [-195 1.680e-10 2.173e-11 4.172e-02]  [580 -1 58]
 ST 78-1  2.341e+02  [0 1.000e+00 1.321e-01 9.986e-06]  [1300 -1 45]
 ST 78-2  2.354e+02  [-98 1.170e-05 1.546e-06 9.957e-06]  [2234 -2 84]
 ST 78-3s 2.359e+02  [-195 1.667e-10 2.203e-11 4.104e-02]  [554 -2 57]
 ST 79-1  2.373e+02  [0 1.000e+00 1.349e-01 9.961e-06]  [1347 -1 47]
 ST 79-2  2.384e+02  [-98 1.222e-05 1.650e-06 9.942e-06]  [1871 -1 81]
 ST 79-3s 2.390e+02  [-195 1.672e-10 2.257e-11 4.013e-02]  [626 -1 60]
 ST 80-1  2.405e+02  [0 1.000e+00 1.380e-01 9.966e-06]  [1393 -1 46]
 ST 80-2  2.419e+02  [-97 1.288e-05 1.777e-06 9.992e-06]  [2152 0 84]
 ST 80-3s 2.424e+02  [-195 1.731e-10 2.388e-11 3.788e-02]  [455 -3 50]
 ST 81-1  2.440e+02  [0 1.000e+00 1.411e-01 9.965e-06]  [1399 -1 48]
 ST 81-2  2.455e+02  [-97 1.316e-05 1.858e-06 9.993e-06]  [2129 -2 85]
 ST 81-3s 2.460e+02  [-195 1.732e-10 2.445e-11 3.702e-02]  [328 -1 47]
 ST 82-1  2.476e+02  [0 1.000e+00 1.444e-01 9.960e-06]  [1371 -2 44]
 ST 82-2  2.492e+02  [-97 1.268e-05 1.831e-06 9.998e-06]  [2531 -1 85]
 ST 82-3s 2.497e+02  [-195 1.691e-10 2.442e-11 3.699e-02]  [453 -3 51]
 ST 83-1  2.515e+02  [0 1.000e+00 1.477e-01 9.989e-06]  [1329 0 47]
 ST 83-2  2.533e+02  [-98 1.230e-05 1.817e-06 9.981e-06]  [2461 -1 85]
 ST 83-3s 2.540e+02  [-195 1.638e-10 2.421e-11 3.751e-02]  [636 -1 62]
 ST 84-1  2.559e+02  [0 1.000e+00 1.511e-01 9.999e-06]  [1332 0 46]
 ST 84-2  2.578e+02  [-98 1.248e-05 1.886e-06 9.995e-06]  [2334 -2 86]
 ST 84-3s 2.585e+02  [-195 1.639e-10 2.478e-11 3.656e-02]  [566 0 57]
 ST 85-1  2.615e+02  [0 1.000e+00 1.547e-01 9.963e-06]  [1370 -2 34]
 ST 85-2  2.639e+02  [-97 1.333e-05 2.063e-06 9.985e-06]  [2389 -2 85]
 ST 85-3s 2.648e+02  [-195 1.712e-10 2.649e-11 3.420e-02]  [628 -1 59]
 ST 86-1  2.671e+02  [0 1.000e+00 1.585e-01 9.970e-06]  [1390 -1 51]
 ST 86-2  2.690e+02  [-97 1.388e-05 2.201e-06 9.994e-06]  [2261 -1 83]
 ST 86-3s 2.695e+02  [-195 1.741e-10 2.760e-11 3.273e-02]  [436 -1 51]
 ST 87-1  2.715e+02  [0 1.000e+00 1.625e-01 9.976e-06]  [1383 0 50]
 ST 87-2  2.739e+02  [-97 1.362e-05 2.213e-06 9.990e-06]  [2538 -2 87]
 ST 87-3s 2.748e+02  [-195 1.712e-10 2.782e-11 3.253e-02]  [565 0 62]
 ST 88-1  2.773e+02  [0 1.000e+00 1.665e-01 9.991e-06]  [1359 -1 47]
 ST 88-2  2.795e+02  [-97 1.305e-05 2.174e-06 9.917e-06]  [2082 -2 84]
 ST 88-3s 2.804e+02  [-195 1.657e-10 2.759e-11 3.280e-02]  [656 -2 60]
 ST 89-1  2.826e+02  [0 1.000e+00 1.707e-01 9.963e-06]  [1345 -1 41]
 ST 89-2  2.842e+02  [-97 1.327e-05 2.265e-06 9.985e-06]  [2053 0 82]
 ST 89-3s 2.846e+02  [-195 1.676e-10 2.861e-11 3.155e-02]  [382 -3 47]
 ST 90-1  2.862e+02  [0 1.000e+00 1.750e-01 9.999e-06]  [1357 -1 44]
 ST 90-2  2.874e+02  [-97 1.381e-05 2.418e-06 9.999e-06]  [2063 -1 83]
 ST 90-3s 2.877e+02  [-195 1.711e-10 2.994e-11 2.967e-02]  [161 -1 27]
 ST 91-1  2.898e+02  [0 1.000e+00 1.796e-01 9.972e-06]  [1369 -2 59]
 ST 91-2  2.919e+02  [-96 1.468e-05 2.638e-06 9.980e-06]  [2354 0 65]
 ST 91-3s 2.925e+02  [-195 1.764e-10 3.169e-11 2.857e-02]  [677 -1 61]
 ST 92-1  2.946e+02  [0 1.000e+00 1.845e-01 9.951e-06]  [1363 -2 57]
 ST 92-2  2.972e+02  [-96 1.474e-05 2.718e-06 9.956e-06]  [2081 -2 85]
 ST 92-3s 2.983e+02  [-195 1.758e-10 3.244e-11 2.791e-02]  [710 -2 62]
 ST 93-1  3.006e+02  [0 1.000e+00 1.895e-01 9.968e-06]  [1342 -1 42]
 ST 93-2  3.022e+02  [-96 1.446e-05 2.739e-06 9.970e-06]  [2056 0 82]
 ST 93-3s 3.028e+02  [-195 1.715e-10 3.249e-11 2.779e-02]  [435 -1 50]
 ST 94-1  3.052e+02  [0 1.000e+00 1.946e-01 9.781e-06]  [1326 -3 52]
 ST 94-2  3.076e+02  [-97 1.406e-05 2.736e-06 9.987e-06]  [2118 -1 86]
 ST 94-3s 3.083e+02  [-195 1.678e-10 3.266e-11 2.758e-02]  [456 -3 51]
 ST 95-1  3.103e+02  [0 1.000e+00 1.999e-01 9.980e-06]  [1340 -1 43]
 ST 95-2  3.117e+02  [-96 1.480e-05 2.959e-06 9.959e-06]  [2183 -2 83]
 ST 95-3s 3.123e+02  [-195 1.739e-10 3.475e-11 2.613e-02]  [744 -1 64]
 ST 96-1  3.140e+02  [0 1.000e+00 2.055e-01 9.952e-06]  [1356 -1 48]
 ST 96-2  3.153e+02  [-96 1.565e-05 3.217e-06 9.941e-06]  [1986 -2 80]
 ST 96-3s 3.160e+02  [-194 1.794e-10 3.688e-11 2.463e-02]  [733 -1 69]
 ST 97-1  3.175e+02  [0 1.000e+00 2.115e-01 9.950e-06]  [1356 -1 45]
 ST 97-2  3.187e+02  [-95 1.612e-05 3.409e-06 9.996e-06]  [1931 -2 82]
 ST 97-3s 3.192e+02  [-194 1.840e-10 3.891e-11 2.318e-02]  [566 0 58]
 ST 98-1  3.216e+02  [0 1.000e+00 2.178e-01 9.988e-06]  [1340 -1 62]
 ST 98-2  3.229e+02  [-95 1.601e-05 3.486e-06 9.955e-06]  [2106 -1 83]
 ST 98-3s 3.234e+02  [-194 1.814e-10 3.951e-11 2.299e-02]  [531 -1 55]
 ST 99-1  3.248e+02  [0 1.000e+00 2.242e-01 9.982e-06]  [1325 -2 46]
 ST 99-2  3.262e+02  [-96 1.567e-05 3.514e-06 9.993e-06]  [2315 -1 85]
 ST 99-3s 3.266e+02  [-194 1.784e-10 4.000e-11 2.259e-02]  [269 -2 38]
 ST 100-1  3.279e+02  [0 1.000e+00 2.309e-01 9.995e-06]  [1333 0 47]
 ST 100-2  3.292e+02  [-95 1.613e-05 3.725e-06 9.966e-06]  [2395 -2 85]
 ST 100-3s 3.298e+02  [-194 1.826e-10 4.217e-11 2.149e-02]  [869 0 61]
 ST 101-1  3.313e+02  [0 1.000e+00 2.379e-01 9.973e-06]  [1349 -1 47]
 ST 101-2  3.326e+02  [-95 1.716e-05 4.083e-06 9.958e-06]  [2183 -2 84]
 ST 101-3s 3.333e+02  [-194 1.897e-10 4.514e-11 2.005e-02]  [769 0 66]
 ST 102-1  3.349e+02  [0 1.000e+00 2.455e-01 9.979e-06]  [1353 -1 45]
 ST 102-2  3.365e+02  [-94 1.796e-05 4.409e-06 1.000e-05]  [2253 0 84]
 ST 102-3s 3.370e+02  [-194 1.974e-10 4.845e-11 1.874e-02]  [513 0 55]
 ST 103-1  3.390e+02  [0 1.000e+00 2.534e-01 9.969e-06]  [1339 0 53]
 ST 103-2  3.409e+02  [-94 1.818e-05 4.607e-06 9.999e-06]  [2202 -1 83]
 ST 103-3s 3.416e+02  [-194 1.989e-10 5.038e-11 1.792e-02]  [576 -1 60]
 ST 104-1  3.436e+02  [0 1.000e+00 2.616e-01 9.972e-06]  [1319 -2 46]
 ST 104-2  3.452e+02  [-94 1.801e-05 4.711e-06 9.980e-06]  [2222 -1 83]
 ST 104-3s 3.455e+02  [-194 1.967e-10 5.145e-11 1.744e-02]  [338 -1 44]
 ST 105-1  3.470e+02  [0 1.000e+00 2.702e-01 9.965e-06]  [1312 -2 45]
 ST 105-2  3.481e+02  [-94 1.834e-05 4.955e-06 9.986e-06]  [1968 -1 82]
 ST 105-3s 3.485e+02  [-194 1.987e-10 5.367e-11 1.687e-02]  [380 -3 45]
 ST 106-1  3.499e+02  [0 1.000e+00 2.792e-01 9.966e-06]  [1321 -2 46]
 ST 106-2  3.520e+02  [-94 1.909e-05 5.331e-06 9.974e-06]  [2169 -1 90]
 ST 106-3s 3.524e+02  [-193 2.049e-10 5.721e-11 1.575e-02]  [241 -3 35]
 ST 107-1  3.543e+02  [0 1.000e+00 2.888e-01 9.984e-06]  [1332 0 54]
 ST 107-2  3.566e+02  [-93 2.027e-05 5.854e-06 9.973e-06]  [2177 -2 86]
 ST 107-3s 3.578e+02  [-193 2.154e-10 6.221e-11 1.452e-02]  [681 -2 59]
 ST 108-1  3.604e+02  [0 1.000e+00 2.991e-01 9.963e-06]  [1331 0 48]
 ST 108-2  3.628e+02  [-93 2.096e-05 6.270e-06 9.982e-06]  [2153 -1 84]
 ST 108-3s 3.638e+02  [-193 2.216e-10 6.627e-11 1.367e-02]  [666 0 60]
 ST 109-1  3.656e+02  [0 1.000e+00 3.098e-01 9.988e-06]  [1317 -2 41]
 ST 109-2  3.670e+02  [-93 2.114e-05 6.551e-06 9.949e-06]  [2142 -2 83]
 ST 109-3s 3.677e+02  [-193 2.227e-10 6.900e-11 1.316e-02]  [903 -2 68]
 ST 110-1  3.691e+02  [0 1.000e+00 3.211e-01 9.977e-06]  [1307 -2 45]
 ST 110-2  3.704e+02  [-93 2.150e-05 6.906e-06 9.952e-06]  [1977 -2 84]
 ST 110-3s 3.710e+02  [-192 2.254e-10 7.238e-11 1.252e-02]  [552 -2 56]
 ST 111-1  3.725e+02  [0 1.000e+00 3.330e-01 9.998e-06]  [1309 -2 45]
 ST 111-2  3.738e+02  [-92 2.242e-05 7.465e-06 9.991e-06]  [2053 0 83]
 ST 111-3s 3.742e+02  [-192 2.344e-10 7.804e-11 1.155e-02]  [337 -1 44]
 ST 112-1  3.757e+02  [0 1.000e+00 3.457e-01 9.971e-06]  [1319 -2 45]
 ST 112-2  3.771e+02  [-92 2.380e-05 8.227e-06 9.970e-06]  [2197 0 84]
 ST 112-3s 3.779e+02  [-192 2.467e-10 8.528e-11 1.064e-02]  [997 -1 70]
 ST 113-1  3.794e+02  [0 1.000e+00 3.592e-01 9.979e-06]  [1322 -2 47]
 ST 113-2  3.808e+02  [-92 2.493e-05 8.957e-06 9.945e-06]  [2204 0 84]
 ST 113-3s 3.812e+02  [-191 2.566e-10 9.219e-11 9.818e-03]  [327 -1 43]
 ST 114-1  3.835e+02  [0 1.000e+00 3.737e-01 9.979e-06]  [1318 -2 30]
 ST 114-2  3.849e+02  [-91 2.564e-05 9.582e-06 9.996e-06]  [2206 -1 84]
 ST 114-3s 3.854e+02  [-191 2.646e-10 9.886e-11 9.186e-03]  [594 -3 58]
 ST 115-1  3.868e+02  [0 1.000e+00 3.889e-01 1.000e-05]  [1308 -2 46]
 ST 115-2  3.881e+02  [-91 2.631e-05 1.023e-05 9.980e-06]  [2087 -2 83]
 ST 115-3s 3.888e+02  [-191 2.705e-10 1.052e-10 8.631e-03]  [1029 0 70]
 ST 116-1  3.904e+02  [0 1.000e+00 4.051e-01 9.963e-06]  [1303 -2 44]
 ST 116-2  3.916e+02  [-91 2.722e-05 1.103e-05 9.984e-06]  [2114 -1 84]
 ST 116-3s 3.921e+02  [-191 2.788e-10 1.130e-10 8.028e-03]  [510 -5 57]
 ST 117-1  3.936e+02  [0 1.000e+00 4.223e-01 9.986e-06]  [1303 -2 43]
 ST 117-2  3.949e+02  [-90 2.893e-05 1.222e-05 9.989e-06]  [2064 -1 83]
 ST 117-3s 3.953e+02  [-190 2.955e-10 1.248e-10 7.197e-03]  [352 -3 46]
 ST 118-1  3.970e+02  [0 1.000e+00 4.409e-01 9.984e-06]  [1305 -2 53]
 ST 118-2  3.987e+02  [-90 3.093e-05 1.364e-05 9.989e-06]  [2023 -2 82]
 ST 118-3s 3.995e+02  [-190 3.151e-10 1.389e-10 6.522e-03]  [573 -2 60]
 ST 119-1  4.016e+02  [0 1.000e+00 4.609e-01 9.996e-06]  [1299 -2 47]
 ST 119-2  4.035e+02  [-89 3.234e-05 1.490e-05 9.994e-06]  [1985 -2 83]
 ST 119-3s 4.046e+02  [-189 3.291e-10 1.517e-10 5.972e-03]  [1040 -1 71]
 ST 120-1  4.066e+02  [0 1.000e+00 4.823e-01 9.991e-06]  [1298 -1 43]
 ST 120-2  4.081e+02  [-89 3.343e-05 1.612e-05 9.948e-06]  [1975 -2 81]
 ST 120-3s 4.088e+02  [-189 3.381e-10 1.630e-10 5.567e-03]  [823 0 65]
 ST 121-1  4.103e+02  [0 1.000e+00 5.051e-01 9.979e-06]  [1296 -1 46]
 ST 121-2  4.116e+02  [-89 3.478e-05 1.757e-05 9.964e-06]  [2078 -2 83]
 ST 121-3s 4.122e+02  [-189 3.518e-10 1.777e-10 5.102e-03]  [702 -3 62]
 ST 122-1  4.146e+02  [0 1.000e+00 5.296e-01 9.972e-06]  [1296 -1 30]
 ST 122-2  4.159e+02  [-88 3.694e-05 1.956e-05 9.953e-06]  [2074 -1 84]
 ST 122-3s 4.166e+02  [-188 3.727e-10 1.974e-10 4.588e-03]  [873 0 67]
 ST 123-1  4.181e+02  [0 1.000e+00 5.562e-01 9.972e-06]  [1297 -1 43]
 ST 123-2  4.195e+02  [-88 3.977e-05 2.212e-05 9.958e-06]  [2011 -1 83]
 ST 123-3s 4.200e+02  [-187 4.008e-10 2.229e-10 4.013e-03]  [551 -3 56]
 ST 124-1  4.215e+02  [0 1.000e+00 5.850e-01 9.937e-06]  [1294 -1 46]
 ST 124-2  4.231e+02  [-87 4.248e-05 2.485e-05 9.962e-06]  [2097 0 83]
 ST 124-3s 4.240e+02  [-187 4.280e-10 2.504e-10 3.618e-03]  [1082 -1 71]
 ST 125-1  4.256e+02  [0 1.000e+00 6.163e-01 9.939e-06]  [1296 -1 44]
 ST 125-2  4.268e+02  [-86 4.495e-05 2.770e-05 9.968e-06]  [2093 0 84]
 ST 125-3s 4.278e+02  [-186 4.527e-10 2.790e-10 3.249e-03]  [1333 0 74]
 ST 126-1  4.292e+02  [0 1.000e+00 6.502e-01 9.971e-06]  [1294 -1 45]
 ST 126-2  4.304e+02  [-86 4.735e-05 3.079e-05 9.970e-06]  [2125 -1 84]
 ST 126-3s 4.311e+02  [-186 4.772e-10 3.103e-10 2.899e-03]  [967 -3 71]
 ST 127-1  4.328e+02  [0 1.000e+00 6.870e-01 9.961e-06]  [1293 -1 46]
 ST 127-2  4.344e+02  [-85 5.052e-05 3.471e-05 9.970e-06]  [2108 -1 85]
 ST 127-3s 4.353e+02  [-185 5.089e-10 3.496e-10 2.588e-03]  [937 0 71]
 ST 128-1  4.369e+02  [0 1.000e+00 7.273e-01 9.981e-06]  [1292 -1 41]
 ST 128-2  4.383e+02  [-85 5.465e-05 3.974e-05 9.996e-06]  [2067 -1 84]
 ST 128-3s 4.389e+02  [-185 5.522e-10 4.016e-10 2.259e-03]  [601 -2 62]
 ST 129-1  4.413e+02  [0 1.000e+00 7.715e-01 9.960e-06]  [1293 -1 49]
 ST 129-2  4.432e+02  [-84 5.949e-05 4.589e-05 1.000e-05]  [2046 0 83]
 ST 129-3s 4.452e+02  [-184 6.007e-10 4.634e-10 1.955e-03]  [1236 0 85]
 ST 130-1  4.473e+02  [0 1.000e+00 8.203e-01 9.956e-06]  [1292 -1 49]
 ST 130-2  4.492e+02  [-83 6.435e-05 5.278e-05 9.964e-06]  [2000 0 82]
 ST 130-3s 4.501e+02  [-183 6.486e-10 5.321e-10 1.703e-03]  [903 -3 66]
 ST 131-1  4.517e+02  [0 1.000e+00 8.741e-01 9.955e-06]  [1291 -1 47]
 ST 131-2  4.530e+02  [-83 6.933e-05 6.060e-05 9.984e-06]  [1963 -1 82]
 ST 131-3s 4.537e+02  [-183 7.008e-10 6.125e-10 1.483e-03]  [679 -1 62]
 ST 132-1  4.552e+02  [0 1.000e+00 9.335e-01 9.962e-06]  [1291 -1 44]
 ST 132-2  4.565e+02  [-82 7.500e-05 7.001e-05 9.961e-06]  [1932 -2 82]
 ST 132-3s 4.575e+02  [-182 7.584e-10 7.080e-10 1.283e-03]  [1322 -2 78]
 ST 133-1  4.592e+02  [0 1.000e+00 9.995e-01 9.967e-06]  [1291 -1 46]
 ST 133-2  4.606e+02  [-81 8.211e-05 8.207e-05 9.983e-06]  [1925 -2 81]
 ST 133-3s 4.613e+02  [-181 8.331e-10 8.327e-10 1.083e-03]  [974 0 69]
 ST 134-1  4.628e+02  [0 1.000e+00 1.073e+00 9.975e-06]  [1294 -1 46]
 ST 134-2  4.641e+02  [-80 9.081e-05 9.747e-05 9.956e-06]  [1973 -2 82]
 ST 134-3s 4.648e+02  [-180 9.204e-10 9.878e-10 9.180e-04]  [1068 -3 72]
 ST 135-1  4.664e+02  [0 1.000e+00 1.156e+00 9.968e-06]  [1294 -1 45]
 ST 135-2  4.676e+02  [-79 1.008e-04 1.165e-04 9.980e-06]  [1952 -1 82]
 ST 135-3s 4.683e+02  [-179 1.028e-09 1.189e-09 7.637e-04]  [807 -3 65]
 ST 136-1  4.698e+02  [0 1.000e+00 1.250e+00 9.985e-06]  [1300 -2 45]
 ST 136-2  4.710e+02  [-79 1.118e-04 1.398e-04 9.978e-06]  [1965 -1 83]
 ST 136-3s 4.717e+02  [-178 1.145e-09 1.432e-09 6.325e-04]  [939 -1 69]
 ST 137-1  4.731e+02  [0 1.000e+00 1.357e+00 9.969e-06]  [1303 -2 44]
 ST 137-2  4.744e+02  [-78 1.243e-04 1.686e-04 9.978e-06]  [1963 -1 83]
 ST 137-3s 4.759e+02  [-177 1.280e-09 1.737e-09 5.223e-04]  [1006 -2 33]
 ST 138-1  4.774e+02  [0 1.000e+00 1.479e+00 9.987e-06]  [1308 -2 45]
 ST 138-2  4.787e+02  [-77 1.394e-04 2.061e-04 9.965e-06]  [1952 -1 82]
 ST 138-3s 4.794e+02  [-176 1.446e-09 2.138e-09 4.228e-04]  [962 -2 69]
 ST 139-1  4.809e+02  [0 1.000e+00 1.619e+00 9.988e-06]  [1310 -2 48]
 ST 139-2  4.823e+02  [-76 1.581e-04 2.559e-04 9.994e-06]  [1930 -2 82]
 ST 139-3s 4.835e+02  [-175 1.658e-09 2.683e-09 3.383e-04]  [1306 -2 76]
 ST 140-1  4.855e+02  [0 1.000e+00 1.781e+00 9.994e-06]  [1322 -2 48]
 ST 140-2  4.872e+02  [-74 1.811e-04 3.225e-04 9.980e-06]  [1911 -1 80]
 ST 140-3s 4.883e+02  [-174 1.920e-09 3.421e-09 2.649e-04]  [1214 -2 72]
 ST 141-1  4.900e+02  [0 1.000e+00 1.973e+00 9.970e-06]  [1332 0 45]
 ST 141-2  4.914e+02  [-73 2.092e-04 4.126e-04 9.960e-06]  [1893 0 82]
 ST 141-3s 4.925e+02  [-172 2.261e-09 4.459e-09 2.033e-04]  [1654 -1 79]
 ST 142-1  4.942e+02  [0 1.000e+00 2.199e+00 9.965e-06]  [1347 -1 45]
 ST 142-2  4.955e+02  [-72 2.435e-04 5.355e-04 9.963e-06]  [1883 -2 82]
 ST 142-3s 4.967e+02  [-171 2.716e-09 5.972e-09 1.517e-04]  [1775 -2 81]
 ST 143-1  4.984e+02  [0 1.000e+00 2.470e+00 9.950e-06]  [1358 -1 44]
 ST 143-2  4.996e+02  [-70 2.863e-04 7.071e-04 9.980e-06]  [1862 -1 81]
 ST 143-3s 5.005e+02  [-169 3.335e-09 8.238e-09 1.099e-04]  [1389 0 77]
 ST 144-1  5.021e+02  [0 1.000e+00 2.799e+00 9.992e-06]  [1368 -2 48]
 ST 144-2  5.034e+02  [-69 3.419e-04 9.572e-04 9.986e-06]  [1827 -2 81]
 ST 144-3s 5.045e+02  [-167 4.236e-09 1.186e-08 7.637e-05]  [1768 -1 80]
 ST 145-1  5.069e+02  [0 1.000e+00 3.206e+00 9.993e-06]  [1380 0 32]
 ST 145-2  5.081e+02  [-67 4.159e-04 1.333e-03 9.991e-06]  [1811 -1 81]
 ST 145-3s 5.092e+02  [-165 5.578e-09 1.788e-08 5.058e-05]  [1594 -1 79]
 ST 146-1  5.107e+02  [0 1.000e+00 3.718e+00 9.981e-06]  [1398 -1 47]
 ST 146-2  5.122e+02  [-65 5.158e-04 1.918e-03 9.970e-06]  [1818 -1 84]
 ST 146-3s 5.136e+02  [-161 7.978e-09 2.966e-08 3.049e-05]  [1762 -1 80]
 ST 147-1  5.156e+02  [0 1.000e+00 4.377e+00 9.973e-06]  [1423 -2 47]
 ST 147-2  5.170e+02  [-63 6.538e-04 2.862e-03 9.977e-06]  [1805 -1 81]
 ST 147-3s 5.183e+02  [-158 1.212e-08 5.307e-08 1.706e-05]  [1661 -1 80]
 ST 148-1  5.202e+02  [0 1.000e+00 5.250e+00 9.953e-06]  [1458 -1 48]
 ST 148-2  5.214e+02  [-61 8.507e-04 4.466e-03 9.973e-06]  [1806 -1 80]
 ST 148-3s 5.226e+02  [-153 2.040e-08 1.071e-07 9.995e-06]  [1879 -2 81]
 ST 149-1  5.242e+02  [0 1.000e+00 6.444e+00 1.000e-05]  [1487 0 47]
 ST 149-2  5.253e+02  [-58 1.144e-03 7.372e-03 9.994e-06]  [1802 -1 80]
 ST 149-3s 5.263e+02  [-148 3.784e-08 2.438e-07 9.966e-06]  [1579 -3 79]
 ST 150-1  5.280e+02  [0 1.000e+00 8.146e+00 9.961e-06]  [1544 0 50]
 ST 150-2  5.293e+02  [-55 1.604e-03 1.306e-02 9.976e-06]  [1817 -1 81]
 ST 150-3s 5.309e+02  [-141 8.114e-08 6.610e-07 9.960e-06]  [1938 -3 82]
 ST 151-1  5.327e+02  [0 1.000e+00 1.071e+01 9.956e-06]  [1602 -1 48]
 ST 151-2  5.339e+02  [-52 2.368e-03 2.536e-02 9.969e-06]  [1847 0 81]
 ST 151-3s 5.353e+02  [-133 2.009e-07 2.152e-06 9.980e-06]  [2212 -1 83]
 ST 152-1  5.378e+02  [0 1.000e+00 1.486e+01 9.994e-06]  [1686 0 33]
 ST 152-2  5.390e+02  [-48 3.735e-03 5.549e-02 9.987e-06]  [1897 0 81]
 ST 152-3s 5.405e+02  [-124 6.006e-07 8.922e-06 9.997e-06]  [2076 -1 84]
 ST 153-1  5.425e+02  [0 1.000e+00 2.223e+01 9.987e-06]  [1803 -1 55]
 ST 153-2  5.439e+02  [-43 6.409e-03 1.425e-01 9.992e-06]  [1989 -2 83]
 ST 153-3s 5.452e+02  [-112 2.359e-06 5.245e-05 9.962e-06]  [1961 -1 81]
 ST 154-1  5.471e+02  [0 1.000e+00 3.727e+01 9.993e-06]  [1963 -1 56]
 ST 154-2  5.485e+02  [-38 1.227e-02 4.573e-01 9.988e-06]  [2161 -1 84]
 ST 154-3  5.500e+02  [-97 1.338e-05 4.987e-04 9.996e-06]  [2017 -1 84]
 ST 154-4s 5.511e+02  [-197 1.341e-10 4.997e-09 1.807e-04]  [1289 -1 74]
 ST 155-1  5.533e+02  [0 1.000e+00 7.469e+01 9.978e-06]  [2204 0 58]
 ST 155-2  5.552e+02  [-31 2.703e-02 2.019e+00 9.991e-06]  [2532 -1 88]
 ST 155-3  5.572e+02  [-77 1.338e-04 9.995e-03 9.981e-06]  [2310 0 83]
 ST 155-4s 5.591e+02  [-176 1.518e-09 1.134e-07 9.960e-06]  [2503 0 84]
 ST 156-1  5.614e+02  [0 1.000e+00 2.031e+02 9.976e-06]  [2427 -1 61]
 ST 156-2  5.635e+02  [-23 6.889e-02 1.399e+01 9.984e-06]  [3635 0 89]
 ST 156-3  5.653e+02  [-49 3.413e-03 6.932e-01 9.991e-06]  [3202 -1 88]
 ST 156-4s 5.684e+02  [-118 1.155e-06 2.345e-04 9.996e-06]  [4248 0 93]
 ST 157-1  6.144e+02  [0 1.000e+00 1.008e+03 1.633e-03]  !76500 0 98!  WARNING: The linear system solution has not converged
 ST 157-2  6.537e+02  [-1 7.983e-01 8.048e+02 4.655e-03]  !76500 0 99!  WARNING: The linear system solution has not converged
 ST 157-3  6.916e+02  [-2147483648  nan  nan  nan]  !76500 -2147483648 99!  WARNING: The linear system solution has not converged
 ST 157-4  7.303e+02  [-2147483648  nan  nan  nan]  !76500 -2147483648 100!  WARNING: The linear system solution has not converged
