---------------------------------------------------------------------
 Eq     N-i     T       dB  Ri/R1   Ri/R0    R/Ri     lsIt   dB  %t
---------------------------------------------------------------------
 ST 1-1  6.500e-02  [0 1.000e+00 1.000e+00 9.817e-06]  [293 -12 20]
 ST 1-2  1.260e-01  [-100 9.824e-06 9.824e-06 3.964e-04]  [225 -6 18]
 ST 1-3s 1.850e-01  [-139 1.103e-07 1.103e-07 3.472e-02]  [18 -34 0]
 ST 2-1  4.160e-01  [0 1.000e+00 4.930e+00 9.993e-06]  [283 -9 6]
 ST 2-2  4.810e-01  [-99 1.020e-05 5.031e-05 7.521e-05]  [240 -12 17]
 ST 2-3s 5.540e-01  [-153 2.216e-08 1.092e-07 3.421e-02]  [17 -34 1]
 ST 3-1  7.960e-01  [0 1.000e+00 1.241e+01 9.975e-06]  [272 -5 6]
 ST 3-2  8.630e-01  [-99 1.049e-05 1.301e-04 3.011e-05]  [294 -15 21]
 ST 3-3s 9.240e-01  [-160 9.346e-09 1.160e-07 3.392e-02]  [20 -34 2]
 ST 4-1  1.163e+00  [0 1.000e+00 2.218e+01 9.911e-06]  [259 -1 5]
 ST 4-2  1.232e+00  [-99 1.055e-05 2.339e-04 1.648e-05]  [347 -13 25]
 ST 4-3s 1.287e+00  [-166 4.805e-09 1.066e-07 3.731e-02]  [18 -33 2]
 ST 5-1  1.518e+00  [0 1.000e+00 3.217e+01 9.658e-06]  [249 -14 6]
 ST 5-2  1.590e+00  [-99 1.009e-05 3.246e-04 1.204e-05]  [341 -10 26]
 ST 5-3s 1.650e+00  [-168 3.714e-09 1.195e-07 3.288e-02]  [18 -34 2]
 ST 6-1  1.866e+00  [0 1.000e+00 4.019e+01 9.812e-06]  [240 -11 6]
 ST 6-2  1.933e+00  [-99 1.011e-05 4.062e-04 9.757e-06]  [332 -7 22]
 ST 6-3s 2.009e+00  [-171 2.656e-09 1.068e-07 3.626e-02]  [19 -33 1]
 ST 7-1  2.280e+00  [0 1.000e+00 4.448e+01 9.792e-06]  [233 -9 4]
 ST 7-2  2.346e+00  [-100 9.925e-06 4.415e-04 9.781e-06]  [319 -3 23]
 ST 7-3s 2.410e+00  [-171 2.526e-09 1.124e-07 3.537e-02]  [22 -33 2]
 ST 8-1  2.641e+00  [0 1.000e+00 4.398e+01 9.915e-06]  [224 -5 6]
 ST 8-2  2.706e+00  [-100 9.990e-06 4.393e-04 9.921e-06]  [331 -6 23]
 ST 8-3s 2.763e+00  [-171 2.522e-09 1.109e-07 3.506e-02]  [20 -34 2]
 ST 9-1  3.000e+00  [0 1.000e+00 3.836e+01 9.946e-06]  [184 -9 4]
 ST 9-2  3.068e+00  [-100 9.969e-06 3.824e-04 1.036e-05]  [326 -4 22]
 ST 9-3s 3.132e+00  [-170 2.875e-09 1.103e-07 3.489e-02]  [20 -34 0]
 ST 10-1  3.387e+00  [0 1.000e+00 2.806e+01 9.690e-06]  [227 -7 4]
 ST 10-2  3.453e+00  [-100 9.709e-06 2.724e-04 1.441e-05]  [291 -14 21]
 ST 10-3s 3.513e+00  [-167 4.020e-09 1.128e-07 3.493e-02]  [20 -34 2]
 ST 11-1  3.729e+00  [0 1.000e+00 1.443e+01 9.749e-06]  [265 -2 6]
 ST 11-2  3.793e+00  [-100 9.996e-06 1.442e-04 2.697e-05]  [281 -11 22]
 ST 11-3s 3.873e+00  [-162 7.442e-09 1.074e-07 3.556e-02]  [18 -33 1]
 ST 12-1  4.160e+00  [0 1.000e+00 5.339e+00 9.737e-06]  [306 -16 5]
 ST 12-2  4.226e+00  [-96 1.497e-05 7.994e-05 4.870e-05]  [302 -14 24]
 ST 12-3s 4.290e+00  [-153 2.174e-08 1.161e-07 3.385e-02]  [18 -34 0]
 ST 13-1  4.551e+00  [0 1.000e+00 1.916e+01 9.704e-06]  [267 -3 5]
 ST 13-2  4.621e+00  [-99 1.090e-05 2.088e-04 1.872e-05]  [303 -17 23]
 ST 13-3s 4.681e+00  [-165 5.532e-09 1.060e-07 3.670e-02]  [19 -33 2]
 ST 14-1  4.918e+00  [0 1.000e+00 3.319e+01 9.893e-06]  [249 -14 6]
 ST 14-2  4.985e+00  [-99 1.047e-05 3.475e-04 1.132e-05]  [345 -12 24]
 ST 14-3s 5.055e+00  [-168 3.561e-09 1.182e-07 3.238e-02]  [19 -34 0]
 ST 15-1  5.276e+00  [0 1.000e+00 4.375e+01 9.881e-06]  [241 -11 6]
 ST 15-2  5.346e+00  [-99 1.024e-05 4.482e-04 9.692e-06]  [326 -5 24]
 ST 15-3s 5.416e+00  [-172 2.432e-09 1.064e-07 3.670e-02]  [20 -33 1]
 ST 16-1  5.638e+00  [0 1.000e+00 4.933e+01 9.645e-06]  [234 -9 5]
 ST 16-2  5.710e+00  [-100 9.813e-06 4.841e-04 9.775e-06]  [323 -4 24]
 ST 16-3s 5.768e+00  [-172 2.390e-09 1.179e-07 3.312e-02]  [27 -34 2]
 ST 17-1  6.028e+00  [0 1.000e+00 4.910e+01 9.938e-06]  [223 -5 4]
 ST 17-2  6.099e+00  [-99 1.002e-05 4.922e-04 9.836e-06]  [340 -10 23]
 ST 17-3s 6.159e+00  [-172 2.240e-09 1.100e-07 3.516e-02]  [21 -33 0]
 ST 18-1  6.411e+00  [0 1.000e+00 4.290e+01 9.937e-06]  [176 -7 3]
 ST 18-2  6.477e+00  [-100 9.955e-06 4.270e-04 9.924e-06]  [336 -9 24]
 ST 18-3s 6.542e+00  [-171 2.584e-09 1.108e-07 3.465e-02]  [20 -34 0]
 ST 19-1  6.786e+00  [0 1.000e+00 3.128e+01 9.824e-06]  [229 -8 4]
 ST 19-2  6.853e+00  [-100 9.848e-06 3.080e-04 1.259e-05]  [295 -14 19]
 ST 19-3s 6.927e+00  [-168 3.662e-09 1.146e-07 3.462e-02]  [19 -34 1]
 ST 20-1  7.224e+00  [0 1.000e+00 1.565e+01 9.897e-06]  [268 -3 4]
 ST 20-2  7.290e+00  [-99 1.029e-05 1.610e-04 2.343e-05]  [265 -4 21]
 ST 20-3s 7.355e+00  [-163 6.981e-09 1.093e-07 3.516e-02]  [17 -33 0]
 ST 21-1  7.584e+00  [0 1.000e+00 6.865e+00 9.887e-06]  [304 -15 7]
 ST 21-2  7.650e+00  [-95 1.643e-05 1.128e-04 3.495e-05]  [314 -2 23]
 ST 21-3s 7.719e+00  [-155 1.723e-08 1.183e-07 3.286e-02]  [19 -34 1]
 ST 22-1  7.979e+00  [0 1.000e+00 2.465e+01 9.972e-06]  [266 -3 5]
 ST 22-2  8.048e+00  [-98 1.171e-05 2.885e-04 1.366e-05]  [328 -6 25]
 ST 22-3s 8.119e+00  [-167 4.286e-09 1.056e-07 3.675e-02]  [18 -33 1]
 ST 23-1  8.385e+00  [0 1.000e+00 4.319e+01 9.924e-06]  [251 -15 5]
 ST 23-2  8.457e+00  [-99 1.102e-05 4.758e-04 9.956e-06]  [357 -16 26]
 ST 23-3s 8.522e+00  [-171 2.669e-09 1.153e-07 3.419e-02]  [19 -34 0]
 ST 24-1  8.779e+00  [0 1.000e+00 5.912e+01 9.938e-06]  [244 -12 4]
 ST 24-2  8.848e+00  [-99 1.077e-05 6.369e-04 9.769e-06]  [330 -6 22]
 ST 24-3s 8.909e+00  [-175 1.719e-09 1.016e-07 3.869e-02]  [33 -33 2]
 ST 25-1  9.132e+00  [0 1.000e+00 7.091e+01 9.862e-06]  [239 -11 5]
 ST 25-2  9.208e+00  [-99 1.044e-05 7.400e-04 9.677e-06]  [330 -6 21]
 ST 25-3s 9.275e+00  [-175 1.594e-09 1.131e-07 3.498e-02]  [38 -34 1]
 ST 26-1  9.536e+00  [0 1.000e+00 7.760e+01 9.736e-06]  [235 -9 4]
 ST 26-2  9.603e+00  [-99 1.021e-05 7.923e-04 9.991e-06]  [323 -4 24]
 ST 26-3s 9.667e+00  [-177 1.347e-09 1.045e-07 3.598e-02]  [39 -33 2]
 ST 27-1  9.952e+00  [0 1.000e+00 7.873e+01 9.714e-06]  [230 -8 4]
 ST 27-2  1.003e+01  [-100 9.975e-06 7.854e-04 9.914e-06]  [305 -17 19]
 ST 27-3s 1.011e+01  [-176 1.467e-09 1.155e-07 3.381e-02]  [39 -34 4]
 ST 28-1  1.036e+01  [0 1.000e+00 7.395e+01 9.691e-06]  [222 -5 4]
 ST 28-2  1.043e+01  [-100 9.849e-06 7.283e-04 9.966e-06]  [344 -12 25]
 ST 28-3s 1.049e+01  [-176 1.496e-09 1.107e-07 3.501e-02]  [32 -34 2]
 ST 29-1  1.075e+01  [0 1.000e+00 6.384e+01 9.842e-06]  [201 -16 4]
 ST 29-2  1.082e+01  [-100 9.906e-06 6.323e-04 9.952e-06]  [354 -15 25]
 ST 29-3s 1.089e+01  [-174 1.814e-09 1.158e-07 3.359e-02]  [30 -34 1]
 ST 30-1  1.114e+01  [0 1.000e+00 1.180e+03 9.889e-06]  [294 -12 5]
 ST 30-2  1.121e+01  [-63 6.620e-04 7.813e-01 9.741e-06]  [230 -9 21]
 ST 30-3s 1.129e+01  [-163 6.449e-09 7.612e-06 5.163e-04]  [184 -13 10]
 ST 31-1  1.154e+01  [0 1.000e+00 4.782e+04 9.898e-06]  [293 -12 6]
 ST 31-2  1.161e+01  [-32 2.510e-02 1.200e+03 9.819e-06]  [210 -1 16]
 ST 31-3s 1.168e+01  [-130 3.148e-07 1.505e-02 9.693e-06]  [366 -2 22]
 ST 32-1  1.194e+01  [0 1.000e+00 3.673e+04 9.870e-06]  [314 -2 6]
 ST 32-2  1.200e+01  [-29 3.373e-02 1.239e+03 9.946e-06]  [214 -2 16]
 ST 32-3s 1.208e+01  [-126 4.816e-07 1.769e-02 9.815e-06]  [352 -15 23]
 ST 33-1  1.234e+01  [0 1.000e+00 5.054e+04 9.891e-06]  [293 -12 7]
 ST 33-2  1.241e+01  [-37 1.317e-02 6.657e+02 9.808e-06]  [210 -1 20]
 ST 33-3s 1.249e+01  [-133 2.096e-07 1.059e-02 9.675e-06]  [343 -12 20]
 ST 34-1  1.278e+01  [0 1.000e+00 4.380e+04 9.764e-06]  [275 -6 4]
 ST 34-2  1.284e+01  [-42 7.641e-03 3.346e+02 9.900e-06]  [208 -1 15]
 ST 34-3s 1.292e+01  [-134 1.829e-07 8.011e-03 9.730e-06]  [320 -4 19]
 ST 35-1  1.337e+01  [0 1.000e+00 3.930e+04 9.749e-06]  [282 -8 3]
 ST 35-2  1.343e+01  [-31 2.712e-02 1.066e+03 9.799e-06]  [235 -11 17]
 ST 35-3s 1.355e+01  [-104 5.684e-06 2.234e-01 9.998e-06]  [247 -16 10]
 ST 36-1  1.380e+01  [0 1.000e+00 4.429e+04 9.612e-06]  [283 -9 6]
 ST 36-2  1.386e+01  [-26 4.999e-02 2.214e+03 9.891e-06]  [232 -10 17]
 ST 36-3  1.392e+01  [-83 6.458e-05 2.860e+00 9.771e-06]  [240 -13 22]
 ST 36-4s 1.400e+01  [-183 7.027e-10 3.112e-05 1.232e-04]  [241 -13 15]
 ST 37-1  1.425e+01  [0 1.000e+00 3.227e+04 9.800e-06]  [259 -1 5]
 ST 37-2  1.431e+01  [-37 1.270e-02 4.097e+02 9.784e-06]  [235 -11 16]
 ST 37-3s 1.438e+01  [-107 4.087e-06 1.319e-01 9.885e-06]  [214 -4 14]
 ST 38-1  1.461e+01  [0 1.000e+00 2.814e+04 9.929e-06]  [261 -1 7]
 ST 38-2  1.468e+01  [-34 1.796e-02 5.053e+02 9.760e-06]  [186 -14 15]
 ST 38-3s 1.476e+01  [-116 1.480e-06 4.165e-02 9.755e-06]  [253 -18 16]
 ST 39-1  1.499e+01  [0 1.000e+00 2.876e+04 9.760e-06]  [264 -2 6]
 ST 39-2  1.506e+01  [-37 1.314e-02 3.779e+02 9.781e-06]  [193 -17 14]
 ST 39-3s 1.515e+01  [-115 1.632e-06 4.694e-02 9.829e-06]  [233 -12 12]
 ST 40-1  1.544e+01  [0 1.000e+00 2.281e+04 9.932e-06]  [257 0 4]
 ST 40-2  1.550e+01  [-36 1.485e-02 3.388e+02 9.722e-06]  [199 -20 16]
 ST 40-3s 1.558e+01  [-122 7.670e-07 1.750e-02 9.740e-06]  [250 -18 15]
 ST 41-1  1.585e+01  [0 1.000e+00 1.732e+04 9.821e-06]  [261 -1 4]
 ST 41-2  1.591e+01  [-36 1.547e-02 2.680e+02 9.816e-06]  [225 -7 16]
 ST 41-3s 1.599e+01  [-125 5.263e-07 9.115e-03 9.961e-06]  [273 -6 17]
 ST 42-1  1.631e+01  [0 1.000e+00 1.450e+04 9.776e-06]  [261 -1 4]
 ST 42-2  1.637e+01  [-40 9.862e-03 1.430e+02 9.719e-06]  [214 -3 16]
 ST 42-3s 1.645e+01  [-135 1.639e-07 2.376e-03 9.980e-06]  [284 -11 17]
 ST 43-1  1.671e+01  [0 1.000e+00 1.298e+04 9.879e-06]  [244 -16 5]
 ST 43-2  1.677e+01  [-33 2.096e-02 2.720e+02 9.824e-06]  [189 -14 15]
 ST 43-3s 1.684e+01  [-131 2.620e-07 3.400e-03 9.512e-06]  [272 -7 18]
 ST 44-1  1.709e+01  [0 1.000e+00 1.044e+04 9.964e-06]  [260 -1 6]
 ST 44-2  1.715e+01  [-42 7.864e-03 8.206e+01 9.556e-06]  [201 -20 19]
 ST 44-3s 1.723e+01  [-139 1.092e-07 1.139e-03 9.598e-06]  [283 -11 20]
 ST 45-1  1.752e+01  [0 1.000e+00 9.321e+03 9.658e-06]  [253 -20 4]
 ST 45-2  1.758e+01  [-32 2.474e-02 2.306e+02 9.979e-06]  [180 -10 15]
 ST 45-3s 1.767e+01  [-127 4.399e-07 4.100e-03 9.867e-06]  [262 -2 17]
 ST 46-1  1.790e+01  [0 1.000e+00 9.314e+03 9.998e-06]  [240 -16 5]
 ST 46-2  1.797e+01  [-50 3.006e-03 2.800e+01 9.957e-06]  [194 -17 14]
 ST 46-3s 1.804e+01  [-150 3.047e-08 2.838e-04 1.373e-05]  [266 -5 19]
 ST 47-1  1.830e+01  [0 1.000e+00 1.164e+04 9.827e-06]  [239 -15 4]
 ST 47-2  1.837e+01  [-34 1.782e-02 2.074e+02 9.964e-06]  [190 -16 13]
 ST 47-3s 1.844e+01  [-130 3.002e-07 3.494e-03 9.638e-06]  [246 -18 16]
 ST 48-1  1.867e+01  [0 1.000e+00 6.495e+03 9.620e-06]  [245 -17 6]
 ST 48-2  1.873e+01  [-44 6.082e-03 3.950e+01 9.949e-06]  [189 -16 15]
 ST 48-3s 1.881e+01  [-143 6.968e-08 4.526e-04 9.881e-06]  [269 -5 17]
 ST 49-1  1.903e+01  [0 1.000e+00 9.105e+03 9.842e-06]  [234 -13 5]
 ST 49-2  1.910e+01  [-37 1.300e-02 1.184e+02 9.471e-06]  [186 -14 15]
 ST 49-3s 1.917e+01  [-134 1.822e-07 1.659e-03 9.773e-06]  [267 -4 18]
 ST 50-1  1.945e+01  [0 1.000e+00 7.828e+03 9.799e-06]  [239 -15 4]
 ST 50-2  1.951e+01  [-47 4.089e-03 3.201e+01 9.785e-06]  [191 -17 13]
 ST 50-3s 1.960e+01  [-147 4.073e-08 3.188e-04 1.209e-05]  [253 -22 16]
 ST 51-1  1.982e+01  [0 1.000e+00 9.228e+03 9.540e-06]  [228 -10 5]
 ST 51-2  1.989e+01  [-41 8.123e-03 7.496e+01 9.627e-06]  [188 -15 14]
 ST 51-3s 1.997e+01  [-140 9.441e-08 8.713e-04 9.726e-06]  [246 -20 15]
 ST 52-1  2.020e+01  [0 1.000e+00 5.719e+03 9.820e-06]  [240 -16 6]
 ST 52-2  2.026e+01  [-45 5.094e-03 2.914e+01 9.757e-06]  [189 -16 15]
 ST 52-3s 2.034e+01  [-145 5.269e-08 3.013e-04 1.303e-05]  [259 -1 16]
 ST 53-1  2.062e+01  [0 1.000e+00 5.610e+03 9.698e-06]  [228 -10 5]
 ST 53-2  2.068e+01  [-42 7.306e-03 4.099e+01 9.683e-06]  [195 -19 16]
 ST 53-3s 2.076e+01  [-142 7.668e-08 4.302e-04 9.970e-06]  [241 -15 14]
 ST 54-1  2.102e+01  [0 1.000e+00 6.130e+03 9.872e-06]  [236 -14 4]
 ST 54-2  2.108e+01  [-50 3.111e-03 1.907e+01 9.741e-06]  [191 -17 15]
 ST 54-3s 2.116e+01  [-150 3.073e-08 1.884e-04 2.013e-05]  [239 -16 17]
 ST 55-1  2.140e+01  [0 1.000e+00 6.562e+03 9.780e-06]  [229 -11 5]
 ST 55-2  2.146e+01  [-44 5.772e-03 3.787e+01 9.579e-06]  [178 -11 14]
 ST 55-3s 2.158e+01  [-144 6.068e-08 3.982e-04 9.499e-06]  [237 -15 12]
 ST 56-1  2.182e+01  [0 1.000e+00 4.331e+03 9.634e-06]  [233 -12 5]
 ST 56-2  2.189e+01  [-51 2.676e-03 1.159e+01 9.642e-06]  [188 -15 13]
 ST 56-3s 2.196e+01  [-151 2.617e-08 1.133e-04 3.411e-05]  [215 -3 17]
 ST 57-1  2.224e+01  [0 1.000e+00 3.769e+03 9.854e-06]  [235 -14 5]
 ST 57-2  2.230e+01  [-43 6.669e-03 2.514e+01 9.937e-06]  [189 -17 13]
 ST 57-3s 2.239e+01  [-143 7.021e-08 2.646e-04 1.429e-05]  [235 -13 12]
 ST 58-1  2.261e+01  [0 1.000e+00 5.010e+03 9.673e-06]  [223 -9 5]
 ST 58-2  2.268e+01  [-54 1.849e-03 9.263e+00 9.669e-06]  [185 -13 11]
 ST 58-3s 2.277e+01  [-154 1.796e-08 8.997e-05 4.272e-05]  [198 -23 12]
 ST 59-1  2.299e+01  [0 1.000e+00 4.806e+03 9.513e-06]  [230 -11 5]
 ST 59-2  2.305e+01  [-47 4.451e-03 2.139e+01 9.588e-06]  [186 -15 14]
 ST 59-3s 2.313e+01  [-146 4.521e-08 2.173e-04 1.763e-05]  [233 -12 18]
 ST 60-1  2.337e+01  [0 1.000e+00 3.105e+03 9.564e-06]  [222 -8 5]
 ST 60-2  2.344e+01  [-55 1.673e-03 5.194e+00 9.823e-06]  [189 -17 21]
 ST 60-3s 2.352e+01  [-155 1.651e-08 5.126e-05 7.747e-05]  [188 -18 15]
 ST 61-1  2.537e+01  [0 1.000e+00 2.990e+03 9.904e-06]  [232 -12 1]
 ST 61-2  2.544e+01  [-48 3.745e-03 1.120e+01 9.608e-06]  [189 -18 15]
 ST 61-3s 2.553e+01  [-148 3.651e-08 1.092e-04 3.546e-05]  [219 -5 15]
 ST 62-1  2.581e+01  [0 1.000e+00 3.984e+03 9.953e-06]  [211 -3 4]
 ST 62-2  2.588e+01  [-58 1.164e-03 4.639e+00 9.879e-06]  [186 -14 13]
 ST 62-3s 2.595e+01  [-158 1.153e-08 4.592e-05 8.283e-05]  [182 -16 12]
 ST 63-1  2.621e+01  [0 1.000e+00 3.259e+03 9.646e-06]  [223 -7 5]
 ST 63-2  2.627e+01  [-52 2.297e-03 7.486e+00 9.642e-06]  [185 -14 14]
 ST 63-3s 2.636e+01  [-153 2.239e-08 7.295e-05 5.440e-05]  [195 -22 13]
 ST 64-1  2.662e+01  [0 1.000e+00 2.242e+03 9.929e-06]  [207 -1 5]
 ST 64-2  2.669e+01  [-58 1.129e-03 2.530e+00 9.698e-06]  [183 -15 13]
 ST 64-3s 2.676e+01  [-159 1.097e-08 2.459e-05 1.523e-04]  [174 -10 12]
 ST 65-1  2.702e+01  [0 1.000e+00 2.647e+03 9.999e-06]  [226 -9 5]
 ST 65-2  2.709e+01  [-57 1.321e-03 3.496e+00 9.729e-06]  [183 -13 14]
 ST 65-3s 2.718e+01  [-157 1.287e-08 3.407e-05 1.126e-04]  [170 -9 15]
 ST 66-1  2.742e+01  [0 1.000e+00 2.856e+03 9.650e-06]  [202 -24 5]
 ST 66-2  2.749e+01  [-63 6.850e-04 1.956e+00 9.523e-06]  [176 -11 12]
 ST 66-3s 2.758e+01  [-163 6.537e-09 1.867e-05 2.031e-04]  [172 -8 12]
 ST 67-1  2.782e+01  [0 1.000e+00 2.270e+03 9.740e-06]  [223 -7 5]
 ST 67-2  2.789e+01  [-59 1.075e-03 2.440e+00 9.981e-06]  [182 -12 13]
 ST 67-3s 2.798e+01  [-159 1.074e-08 2.439e-05 1.620e-04]  [165 -6 9]
 ST 68-1  2.826e+01  [0 1.000e+00 1.755e+03 9.811e-06]  [207 -1 4]
 ST 68-2  2.832e+01  [-64 5.736e-04 1.006e+00 9.943e-06]  [183 -15 17]
 ST 68-3s 2.839e+01  [-164 5.708e-09 1.002e-05 3.915e-04]  [149 -23 13]
 ST 69-1  2.867e+01  [0 1.000e+00 2.271e+03 9.973e-06]  [221 -7 4]
 ST 69-2  2.873e+01  [-61 8.263e-04 1.877e+00 9.953e-06]  [183 -13 15]
 ST 69-3s 2.880e+01  [-161 8.231e-09 1.869e-05 2.003e-04]  [157 -2 13]
 ST 70-1  2.906e+01  [0 1.000e+00 1.923e+03 9.469e-06]  [206 -1 5]
 ST 70-2  2.913e+01  [-69 3.302e-04 6.350e-01 9.938e-06]  [189 -16 13]
 ST 70-3s 2.922e+01  [-169 3.282e-09 6.312e-06 6.204e-04]  [138 -16 10]
 ST 71-1  2.949e+01  [0 1.000e+00 1.706e+03 9.565e-06]  [219 -6 4]
 ST 71-2  2.955e+01  [-62 7.157e-04 1.221e+00 9.371e-06]  [185 -15 14]
 ST 71-3s 2.963e+01  [-163 6.711e-09 1.145e-05 3.336e-04]  [159 -2 11]
 ST 72-1  2.987e+01  [0 1.000e+00 1.576e+03 9.678e-06]  [209 -2 4]
 ST 72-2  2.994e+01  [-73 2.105e-04 3.317e-01 9.919e-06]  [195 -20 14]
 ST 72-3s 3.001e+01  [-173 2.091e-09 3.295e-06 1.182e-03]  [131 -13 11]
 ST 73-1  3.025e+01  [0 1.000e+00 1.747e+03 9.733e-06]  [216 -4 4]
 ST 73-2  3.032e+01  [-66 4.994e-04 8.724e-01 9.823e-06]  [183 -13 15]
 ST 73-3s 3.039e+01  [-166 4.909e-09 8.576e-06 4.558e-04]  [145 -21 13]
 ST 74-1  3.066e+01  [0 1.000e+00 1.420e+03 9.808e-06]  [208 -1 3]
 ST 74-2  3.073e+01  [-74 1.857e-04 2.636e-01 9.980e-06]  [194 -21 14]
 ST 74-3s 3.080e+01  [-174 1.856e-09 2.635e-06 1.445e-03]  [127 -12 10]
 ST 75-1  3.103e+01  [0 1.000e+00 1.352e+03 9.900e-06]  [212 -3 4]
 ST 75-2  3.109e+01  [-69 3.379e-04 4.569e-01 9.916e-06]  [188 -16 18]
 ST 75-3s 3.115e+01  [-169 3.353e-09 4.534e-06 8.065e-04]  [139 -17 9]
 ST 76-1  3.138e+01  [0 1.000e+00 1.413e+03 9.583e-06]  [206 -1 5]
 ST 76-2  3.144e+01  [-74 1.887e-04 2.668e-01 9.909e-06]  [191 -18 16]
 ST 76-3s 3.150e+01  [-174 1.872e-09 2.646e-06 1.426e-03]  [127 -12 7]
 ST 77-1  3.179e+01  [0 1.000e+00 1.281e+03 9.890e-06]  [211 -2 4]
 ST 77-2  3.186e+01  [-72 2.248e-04 2.879e-01 9.313e-06]  [191 -19 15]
 ST 77-3s 3.193e+01  [-173 2.097e-09 2.685e-06 1.469e-03]  [126 -11 8]
 ST 78-1  3.218e+01  [0 1.000e+00 1.168e+03 9.856e-06]  [207 -1 4]
 ST 78-2  3.224e+01  [-76 1.572e-04 1.836e-01 9.661e-06]  [192 -19 15]
 ST 78-3s 3.231e+01  [-176 1.522e-09 1.778e-06 2.203e-03]  [120 -8 8]
 ST 79-1  3.254e+01  [0 1.000e+00 1.161e+03 9.606e-06]  [206 0 5]
 ST 79-2  3.260e+01  [-76 1.562e-04 1.813e-01 9.407e-06]  [195 -21 14]
 ST 79-3s 3.268e+01  [-176 1.474e-09 1.711e-06 2.315e-03]  [119 -8 7]
 ST 80-1  3.294e+01  [0 1.000e+00 1.135e+03 9.826e-06]  [200 -24 4]
 ST 80-2  3.300e+01  [-77 1.335e-04 1.515e-01 9.754e-06]  [194 -21 16]
 ST 80-3s 3.308e+01  [-177 1.310e-09 1.486e-06 2.584e-03]  [119 -7 8]
 ST 81-1  3.335e+01  [0 1.000e+00 1.043e+03 9.863e-06]  [206 0 4]
 ST 81-2  3.342e+01  [-78 1.213e-04 1.265e-01 9.687e-06]  [198 -23 17]
 ST 81-3s 3.350e+01  [-178 1.184e-09 1.235e-06 3.195e-03]  [113 -4 8]
 ST 82-1  3.378e+01  [0 1.000e+00 9.454e+02 9.966e-06]  [201 -25 4]
 ST 82-2  3.387e+01  [-81 8.584e-05 8.115e-02 9.685e-06]  [200 -24 17]
 ST 82-3s 3.394e+01  [-181 8.449e-10 7.988e-07 4.954e-03]  [99 -25 8]
 ST 83-1  3.423e+01  [0 1.000e+00 1.041e+03 9.955e-06]  [197 -23 5]
 ST 83-2  3.431e+01  [-79 1.045e-04 1.088e-01 9.752e-06]  [201 -24 18]
 ST 83-3s 3.438e+01  [-179 1.029e-09 1.072e-06 3.672e-03]  [112 -4 8]
 ST 84-1  3.466e+01  [0 1.000e+00 8.530e+02 9.621e-06]  [194 -22 4]
 ST 84-2  3.473e+01  [-83 6.841e-05 5.835e-02 9.692e-06]  [200 -24 17]
 ST 84-3s 3.481e+01  [-183 6.842e-10 5.836e-07 6.749e-03]  [93 -22 8]
 ST 85-1  3.506e+01  [0 1.000e+00 9.520e+02 9.615e-06]  [197 -23 5]
 ST 85-2  3.514e+01  [-82 7.894e-05 7.515e-02 9.896e-06]  [202 -25 16]
 ST 85-3s 3.522e+01  [-181 7.980e-10 7.597e-07 5.154e-03]  [105 0 7]
 ST 86-1  3.549e+01  [0 1.000e+00 7.670e+02 9.681e-06]  [194 -22 4]
 ST 86-2  3.556e+01  [-86 4.909e-05 3.765e-02 9.778e-06]  [203 -26 16]
 ST 86-3s 3.563e+01  [-185 5.142e-10 3.944e-07 9.923e-03]  [91 -20 7]
 ST 87-1  3.592e+01  [0 1.000e+00 8.844e+02 9.516e-06]  [192 -20 4]
 ST 87-2  3.600e+01  [-83 6.582e-05 5.821e-02 9.572e-06]  [203 -25 18]
 ST 87-3s 3.607e+01  [-183 6.524e-10 5.770e-07 6.562e-03]  [100 -25 8]
 ST 88-1  3.633e+01  [0 1.000e+00 7.162e+02 9.814e-06]  [186 -16 4]
 ST 88-2  3.640e+01  [-86 4.620e-05 3.309e-02 9.917e-06]  [207 -1 20]
 ST 88-3s 3.648e+01  [-185 5.014e-10 3.591e-07 1.095e-02]  [90 -19 6]
 ST 89-1  3.674e+01  [0 1.000e+00 7.566e+02 9.472e-06]  [192 -21 4]
 ST 89-2  3.681e+01  [-85 5.021e-05 3.799e-02 9.312e-06]  [204 -26 18]
 ST 89-3s 3.689e+01  [-185 5.097e-10 3.856e-07 1.010e-02]  [90 -19 5]
 ST 90-1  3.720e+01  [0 1.000e+00 7.740e+02 9.925e-06]  [185 -16 4]
 ST 90-2  3.727e+01  [-87 4.209e-05 3.257e-02 9.990e-06]  [204 -26 16]
 ST 90-3s 3.735e+01  [-186 4.616e-10 3.572e-07 1.067e-02]  [90 -19 6]
 ST 91-1  3.766e+01  [0 1.000e+00 6.333e+02 9.576e-06]  [189 -19 4]
 ST 91-2  3.773e+01  [-87 4.062e-05 2.573e-02 9.583e-06]  [207 -1 16]
 ST 91-3s 3.781e+01  [-186 4.509e-10 2.856e-07 1.328e-02]  [85 -17 5]
 ST 92-1  3.808e+01  [0 1.000e+00 9.137e+02 9.590e-06]  [180 -12 4]
 ST 92-2  3.815e+01  [-86 4.712e-05 4.305e-02 9.957e-06]  [195 -22 16]
 ST 92-3s 3.825e+01  [-186 4.954e-10 4.526e-07 8.349e-03]  [85 -20 4]
 ST 93-1  3.853e+01  [0 1.000e+00 5.521e+02 9.719e-06]  [189 -19 4]
 ST 93-2  3.860e+01  [-90 3.013e-05 1.663e-02 9.693e-06]  [212 -4 18]
 ST 93-3s 3.867e+01  [-187 3.988e-10 2.202e-07 1.760e-02]  [70 -9 4]
 ST 94-1  3.898e+01  [0 1.000e+00 6.704e+02 9.364e-06]  [181 -13 4]
 ST 94-2  3.905e+01  [-93 2.049e-05 1.374e-02 9.748e-06]  [204 -26 17]
 ST 94-3s 3.913e+01  [-190 2.961e-10 1.985e-07 1.971e-02]  [70 -10 5]
 ST 95-1  3.942e+01  [0 1.000e+00 1.337e+04 9.783e-06]  [162 -4 3]
 ST 95-2  3.948e+01  [-65 5.618e-04 7.509e+00 9.792e-06]  [167 -6 14]
 ST 95-3s 3.956e+01  [-165 5.551e-09 7.420e-05 5.311e-05]  [181 -14 12]
 ST 96-1  3.984e+01  [0 1.000e+00 1.345e+05 9.630e-06]  [153 -28 3]
 ST 96-2  3.991e+01  [-45 5.505e-03 7.402e+02 9.601e-06]  [162 -3 16]
 ST 96-3s 4.000e+01  [-121 7.951e-07 1.069e-01 9.492e-06]  [173 -9 10]
 ST 97-1  4.029e+01  [0 1.000e+00 9.557e+04 9.511e-06]  [170 -9 4]
 ST 97-2  4.037e+01  [-44 6.081e-03 5.811e+02 9.510e-06]  [169 -7 12]
 ST 97-3s 4.045e+01  [-124 6.216e-07 5.940e-02 9.736e-06]  [179 -12 11]
 ST 98-1  4.071e+01  [0 1.000e+00 1.629e+05 9.602e-06]  [169 -8 4]
 ST 98-2  4.078e+01  [-40 8.919e-03 1.453e+03 9.583e-06]  [171 -8 16]
 ST 98-3s 4.087e+01  [-111 2.771e-06 4.515e-01 9.934e-06]  [186 -16 12]
 ST 99-1  4.114e+01  [0 1.000e+00 1.250e+05 9.979e-06]  [170 -7 4]
 ST 99-2  4.121e+01  [-63 7.064e-04 8.833e+01 9.999e-06]  [180 -13 16]
 ST 99-3s 4.130e+01  [-160 9.926e-09 1.241e-03 9.701e-06]  [199 -24 14]
 ST 100-1  4.159e+01  [0 1.000e+00 4.166e+04 9.905e-06]  [185 -16 4]
 ST 100-2  4.165e+01  [-54 1.994e-03 8.309e+01 9.650e-06]  [179 -11 15]
 ST 100-3s 4.175e+01  [-145 5.612e-08 2.338e-03 9.766e-06]  [224 -8 12]
 ST 101-1  4.201e+01  [0 1.000e+00 6.060e+04 9.815e-06]  [171 -7 5]
 ST 101-2  4.208e+01  [-68 3.669e-04 2.223e+01 9.597e-06]  [189 -17 16]
 ST 101-3s 4.217e+01  [-168 3.940e-09 2.388e-04 1.643e-05]  [234 -12 18]
 ST 102-1  4.244e+01  [0 1.000e+00 1.372e+04 9.670e-06]  [207 -1 5]
 ST 102-2  4.251e+01  [-53 2.200e-03 3.019e+01 9.967e-06]  [198 -21 17]
 ST 102-3s 4.259e+01  [-149 3.179e-08 4.363e-04 9.534e-06]  [249 -19 19]
 ST 103-1  4.285e+01  [0 1.000e+00 2.617e+04 9.715e-06]  [187 -14 4]
 ST 103-2  4.292e+01  [-60 9.475e-04 2.480e+01 9.825e-06]  [207 -1 16]
 ST 103-3s 4.302e+01  [-155 1.594e-08 4.171e-04 9.666e-06]  [263 -2 17]
 ST 104-1  4.342e+01  [0 1.000e+00 1.886e+04 9.727e-06]  [204 -22 3]
 ST 104-2  4.350e+01  [-60 9.626e-04 1.815e+01 9.890e-06]  [199 -19 15]
 ST 104-3s 4.361e+01  [-155 1.648e-08 3.108e-04 1.242e-05]  [266 -4 14]
 ST 105-1  4.387e+01  [0 1.000e+00 1.709e+04 9.901e-06]  [211 -2 5]
 ST 105-2  4.394e+01  [-58 1.125e-03 1.922e+01 9.633e-06]  [216 -4 16]
 ST 105-3s 4.403e+01  [-150 2.855e-08 4.879e-04 9.794e-06]  [253 -19 16]
 ST 106-1  4.432e+01  [0 1.000e+00 1.872e+04 9.808e-06]  [214 -3 4]
 ST 106-2  4.440e+01  [-60 9.197e-04 1.722e+01 9.925e-06]  [217 -4 17]
 ST 106-3s 4.449e+01  [-152 2.437e-08 4.563e-04 9.937e-06]  [264 -3 20]
 ST 107-1  4.478e+01  [0 1.000e+00 1.532e+04 9.544e-06]  [206 -1 4]
 ST 107-2  4.485e+01  [-60 9.511e-04 1.457e+01 9.816e-06]  [210 -1 17]
 ST 107-3s 4.493e+01  [-152 2.251e-08 3.447e-04 1.129e-05]  [275 -8 19]
 ST 108-1  4.519e+01  [0 1.000e+00 1.683e+04 9.827e-06]  [223 -7 5]
 ST 108-2  4.527e+01  [-62 7.407e-04 1.247e+01 9.789e-06]  [223 -5 18]
 ST 108-3s 4.536e+01  [-160 9.343e-09 1.573e-04 2.520e-05]  [236 -12 16]
 ST 109-1  4.565e+01  [0 1.000e+00 1.561e+04 9.697e-06]  [231 -10 5]
 ST 109-2  4.572e+01  [-66 4.830e-04 7.539e+00 9.698e-06]  [228 -8 20]
 ST 109-3s 4.580e+01  [-166 4.797e-09 7.487e-05 5.229e-05]  [234 -10 17]
 ST 110-1  4.612e+01  [0 1.000e+00 1.553e+04 9.753e-06]  [233 -11 4]
 ST 110-2  4.619e+01  [-68 3.772e-04 5.857e+00 9.955e-06]  [231 -10 17]
 ST 110-3s 4.627e+01  [-168 3.758e-09 5.836e-05 6.804e-05]  [225 -5 15]
 ST 111-1  4.658e+01  [0 1.000e+00 1.426e+04 9.659e-06]  [243 -14 5]
 ST 111-2  4.666e+01  [-67 4.051e-04 5.776e+00 9.689e-06]  [234 -11 16]
 ST 111-3s 4.675e+01  [-168 3.927e-09 5.600e-05 6.968e-05]  [236 -10 14]
 ST 112-1  4.701e+01  [0 1.000e+00 1.357e+04 9.793e-06]  [254 -18 5]
 ST 112-2  4.708e+01  [-66 4.596e-04 6.235e+00 9.686e-06]  [235 -11 18]
 ST 112-3s 4.717e+01  [-167 4.456e-09 6.044e-05 6.494e-05]  [238 -11 14]
 ST 113-1  4.745e+01  [0 1.000e+00 1.257e+04 9.908e-06]  [265 -2 6]
 ST 113-2  4.753e+01  [-65 5.057e-04 6.357e+00 9.960e-06]  [237 -11 23]
 ST 113-3s 4.762e+01  [-165 5.041e-09 6.336e-05 6.095e-05]  [237 -10 16]
 ST 114-1  4.787e+01  [0 1.000e+00 1.190e+04 9.804e-06]  [269 -4 6]
 ST 114-2  4.794e+01  [-64 6.203e-04 7.379e+00 9.942e-06]  [234 -10 19]
 ST 114-3s 4.803e+01  [-164 6.172e-09 7.342e-05 5.254e-05]  [241 -12 18]
 ST 115-1  4.834e+01  [0 1.000e+00 1.088e+04 9.696e-06]  [274 -5 5]
 ST 115-2  4.841e+01  [-62 7.441e-04 8.095e+00 9.976e-06]  [231 -9 18]
 ST 115-3s 4.852e+01  [-162 7.426e-09 8.079e-05 4.767e-05]  [241 -12 12]
 ST 116-1  4.880e+01  [0 1.000e+00 9.987e+03 9.796e-06]  [277 -6 7]
 ST 116-2  4.888e+01  [-62 7.432e-04 7.422e+00 9.965e-06]  [233 -9 20]
 ST 116-3s 4.897e+01  [-162 7.408e-09 7.398e-05 5.259e-05]  [243 -12 14]
 ST 117-1  4.932e+01  [0 1.000e+00 9.113e+03 9.870e-06]  [280 -7 5]
 ST 117-2  4.939e+01  [-62 7.177e-04 6.540e+00 9.945e-06]  [236 -10 20]
 ST 117-3s 4.949e+01  [-162 7.138e-09 6.505e-05 5.797e-05]  [241 -13 17]
 ST 118-1  4.977e+01  [0 1.000e+00 8.334e+03 9.956e-06]  [281 -8 6]
 ST 118-2  4.985e+01  [-62 7.148e-04 5.958e+00 9.718e-06]  [237 -11 18]
 ST 118-3s 4.994e+01  [-163 6.946e-09 5.789e-05 6.599e-05]  [241 -13 15]
 ST 119-1  5.027e+01  [0 1.000e+00 7.559e+03 9.791e-06]  [282 -8 5]
 ST 119-2  5.034e+01  [-62 7.404e-04 5.597e+00 9.976e-06]  [234 -10 18]
 ST 119-3s 5.043e+01  [-162 7.387e-09 5.584e-05 7.013e-05]  [233 -8 17]
 ST 120-1  5.069e+01  [0 1.000e+00 6.833e+03 9.851e-06]  [284 -9 6]
 ST 120-2  5.077e+01  [-63 6.948e-04 4.747e+00 9.733e-06]  [236 -10 17]
 ST 120-3s 5.087e+01  [-163 6.762e-09 4.621e-05 8.051e-05]  [237 -10 14]
 ST 121-1  5.116e+01  [0 1.000e+00 6.196e+03 9.989e-06]  [286 -9 7]
 ST 121-2  5.125e+01  [-64 5.694e-04 3.528e+00 9.901e-06]  [240 -12 15]
 ST 121-3s 5.134e+01  [-164 5.637e-09 3.493e-05 1.086e-04]  [242 -13 20]
 ST 122-1  5.164e+01  [0 1.000e+00 5.629e+03 9.884e-06]  [287 -9 6]
 ST 122-2  5.172e+01  [-66 4.635e-04 2.609e+00 9.747e-06]  [243 -13 24]
 ST 122-3s 5.181e+01  [-166 4.518e-09 2.543e-05 1.530e-04]  [233 -9 14]
 ST 123-1  5.210e+01  [0 1.000e+00 5.125e+03 9.846e-06]  [286 -9 6]
 ST 123-2  5.218e+01  [-67 4.092e-04 2.097e+00 9.875e-06]  [244 -14 19]
 ST 123-3s 5.227e+01  [-167 4.041e-09 2.071e-05 1.828e-04]  [228 -7 17]
 ST 124-1  5.257e+01  [0 1.000e+00 4.631e+03 9.944e-06]  [283 -8 5]
 ST 124-2  5.265e+01  [-68 3.727e-04 1.726e+00 9.847e-06]  [250 -15 21]
 ST 124-3s 5.273e+01  [-168 3.670e-09 1.700e-05 2.312e-04]  [237 -11 16]
 ST 125-1  5.300e+01  [0 1.000e+00 4.154e+03 9.980e-06]  [281 -8 5]
 ST 125-2  5.306e+01  [-69 3.245e-04 1.348e+00 9.957e-06]  [261 -1 21]
 ST 125-3s 5.314e+01  [-169 3.231e-09 1.342e-05 2.899e-04]  [220 -4 14]
 ST 126-1  5.341e+01  [0 1.000e+00 3.761e+03 9.907e-06]  [284 -9 6]
 ST 126-2  5.347e+01  [-71 2.797e-04 1.052e+00 9.880e-06]  [267 -3 19]
 ST 126-3s 5.356e+01  [-171 2.763e-09 1.039e-05 3.819e-04]  [192 -17 11]
 ST 127-1  5.383e+01  [0 1.000e+00 3.397e+03 9.752e-06]  [288 -10 5]
 ST 127-2  5.390e+01  [-72 2.396e-04 8.140e-01 9.913e-06]  [268 -3 19]
 ST 127-3s 5.397e+01  [-172 2.376e-09 8.071e-06 4.857e-04]  [166 -7 11]
 ST 128-1  5.419e+01  [0 1.000e+00 3.103e+03 9.840e-06]  [287 -9 6]
 ST 128-2  5.426e+01  [-72 2.245e-04 6.967e-01 9.683e-06]  [271 -4 23]
 ST 128-3s 5.434e+01  [-173 2.175e-09 6.748e-06 5.804e-04]  [191 -16 12]
 ST 129-1  5.458e+01  [0 1.000e+00 2.809e+03 9.821e-06]  [282 -8 7]
 ST 129-2  5.466e+01  [-74 1.985e-04 5.575e-01 9.994e-06]  [262 -2 20]
 ST 129-3s 5.473e+01  [-174 1.985e-09 5.574e-06 7.122e-04]  [209 -1 14]
 ST 130-1  5.501e+01  [0 1.000e+00 2.531e+03 9.716e-06]  [278 -7 6]
 ST 130-2  5.508e+01  [-73 2.004e-04 5.073e-01 9.766e-06]  [255 -17 21]
 ST 130-3s 5.516e+01  [-174 1.958e-09 4.956e-06 7.770e-04]  [221 -6 14]
 ST 131-1  5.543e+01  [0 1.000e+00 2.257e+03 9.789e-06]  [277 -6 7]
 ST 131-2  5.551e+01  [-74 1.870e-04 4.220e-01 9.756e-06]  [251 -16 22]
 ST 131-3s 5.559e+01  [-174 1.825e-09 4.119e-06 9.506e-04]  [210 -1 15]
 ST 132-1  5.585e+01  [0 1.000e+00 2.032e+03 9.814e-06]  [282 -8 7]
 ST 132-2  5.592e+01  [-74 1.830e-04 3.718e-01 9.890e-06]  [249 -15 21]
 ST 132-3s 5.603e+01  [-174 1.811e-09 3.681e-06 1.079e-03]  [203 -16 13]
 ST 133-1  5.629e+01  [0 1.000e+00 1.839e+03 9.892e-06]  [284 -8 6]
 ST 133-2  5.636e+01  [-75 1.714e-04 3.152e-01 9.777e-06]  [253 -16 19]
 ST 133-3s 5.645e+01  [-175 1.678e-09 3.085e-06 1.279e-03]  [198 -15 14]
 ST 134-1  5.671e+01  [0 1.000e+00 1.661e+03 9.903e-06]  [279 -7 7]
 ST 134-2  5.678e+01  [-76 1.531e-04 2.543e-01 9.766e-06]  [240 -11 19]
 ST 134-3s 5.687e+01  [-176 1.498e-09 2.488e-06 1.549e-03]  [184 -11 15]
 ST 135-1  5.717e+01  [0 1.000e+00 1.491e+03 9.838e-06]  [276 -6 7]
 ST 135-2  5.725e+01  [-75 1.617e-04 2.412e-01 9.774e-06]  [245 -14 21]
 ST 135-3s 5.737e+01  [-176 1.583e-09 2.362e-06 1.667e-03]  [187 -11 8]
 ST 136-1  5.928e+01  [0 1.000e+00 1.324e+03 9.739e-06]  [275 -5 1]
 ST 136-2  5.935e+01  [-76 1.486e-04 1.968e-01 9.871e-06]  [248 -15 20]
 ST 136-3s 5.945e+01  [-176 1.470e-09 1.946e-06 2.004e-03]  [183 -9 10]
 ST 137-1  5.974e+01  [0 1.000e+00 1.178e+03 9.923e-06]  [277 -6 6]
 ST 137-2  5.982e+01  [-77 1.331e-04 1.569e-01 9.581e-06]  [246 -14 20]
 ST 137-3s 5.990e+01  [-177 1.280e-09 1.508e-06 2.585e-03]  [173 -6 12]
 ST 138-1  6.021e+01  [0 1.000e+00 1.059e+03 9.814e-06]  [277 -6 6]
 ST 138-2  6.029e+01  [-78 1.141e-04 1.208e-01 9.999e-06]  [234 -8 19]
 ST 138-3s 6.038e+01  [-178 1.147e-09 1.214e-06 3.169e-03]  [170 -6 12]
 ST 139-1  6.066e+01  [0 1.000e+00 9.475e+02 9.902e-06]  [273 -5 6]
 ST 139-2  6.074e+01  [-79 1.077e-04 1.020e-01 9.860e-06]  [265 -3 19]
 ST 139-3s 6.083e+01  [-179 1.071e-09 1.014e-06 3.783e-03]  [159 -2 13]
 ST 140-1  6.113e+01  [0 1.000e+00 8.450e+02 9.904e-06]  [273 -4 6]
 ST 140-2  6.121e+01  [-79 1.066e-04 9.010e-02 9.938e-06]  [265 -2 21]
 ST 140-3s 6.129e+01  [-179 1.071e-09 9.053e-07 4.344e-03]  [150 -16 12]
 ST 141-1  6.159e+01  [0 1.000e+00 7.425e+02 9.922e-06]  [274 -5 5]
 ST 141-2  6.166e+01  [-79 1.019e-04 7.563e-02 9.824e-06]  [253 -17 19]
 ST 141-3s 6.175e+01  [-179 1.017e-09 7.554e-07 5.146e-03]  [152 -17 11]
 ST 142-1  6.202e+01  [0 1.000e+00 6.579e+02 9.800e-06]  [280 -7 6]
 ST 142-2  6.210e+01  [-81 8.769e-05 5.769e-02 9.797e-06]  [238 -10 18]
 ST 142-3s 6.217e+01  [-181 8.810e-10 5.796e-07 6.799e-03]  [143 -13 11]
 ST 143-1  6.245e+01  [0 1.000e+00 5.837e+02 9.891e-06]  [280 -7 5]
 ST 143-2  6.252e+01  [-83 7.042e-05 4.110e-02 9.702e-06]  [237 -9 19]
 ST 143-3s 6.260e+01  [-182 7.200e-10 4.203e-07 9.098e-03]  [139 -11 9]
 ST 144-1  6.285e+01  [0 1.000e+00 5.228e+02 9.934e-06]  [271 -4 7]
 ST 144-2  6.292e+01  [-83 6.794e-05 3.552e-02 9.718e-06]  [270 -6 19]
 ST 144-3s 6.299e+01  [-183 7.045e-10 3.683e-07 1.071e-02]  [126 -8 8]
 ST 145-1  6.324e+01  [0 1.000e+00 4.667e+02 9.768e-06]  [269 -3 5]
 ST 145-2  6.331e+01  [-83 6.393e-05 2.984e-02 9.880e-06]  [287 -12 21]
 ST 145-3s 6.337e+01  [-183 6.905e-10 3.223e-07 1.206e-02]  [81 -18 6]
 ST 146-1  6.363e+01  [0 1.000e+00 4.067e+02 9.911e-06]  [272 -4 6]
 ST 146-2  6.371e+01  [-83 6.637e-05 2.699e-02 9.737e-06]  [280 -10 22]
 ST 146-3s 6.378e+01  [-182 7.194e-10 2.925e-07 1.330e-02]  [83 -17 4]
 ST 147-1  6.402e+01  [0 1.000e+00 3.597e+02 9.999e-06]  [276 -6 6]
 ST 147-2  6.408e+01  [-85 5.057e-05 1.819e-02 1.000e-05]  [254 -19 20]
 ST 147-3s 6.416e+01  [-184 6.176e-10 2.222e-07 1.756e-02]  [107 -1 6]
 ST 148-1  6.440e+01  [0 1.000e+00 3.121e+02 9.997e-06]  [286 -9 7]
 ST 148-2  6.447e+01  [-87 4.357e-05 1.360e-02 9.789e-06]  [278 -10 19]
 ST 148-3s 6.456e+01  [-184 6.063e-10 1.892e-07 2.080e-02]  [83 -15 5]
 ST 149-1  6.482e+01  [0 1.000e+00 2.822e+02 9.909e-06]  [283 -8 6]
 ST 149-2  6.489e+01  [-87 4.000e-05 1.129e-02 9.965e-06]  [261 -1 22]
 ST 149-3s 6.496e+01  [-184 6.106e-10 1.723e-07 2.185e-02]  [93 -15 7]
 ST 150-1  6.522e+01  [0 1.000e+00 2.466e+02 9.705e-06]  [273 -5 6]
 ST 150-2  6.530e+01  [-88 3.931e-05 9.691e-03 9.842e-06]  [291 -14 21]
 ST 150-3s 6.537e+01  [-183 6.580e-10 1.622e-07 2.409e-02]  [80 -12 6]
 ST 151-1  6.562e+01  [0 1.000e+00 2.173e+02 9.911e-06]  [272 -4 6]
 ST 151-2  6.570e+01  [-87 4.270e-05 9.277e-03 9.930e-06]  [293 -14 24]
 ST 151-3s 6.578e+01  [-182 7.427e-10 1.614e-07 2.398e-02]  [79 -12 7]
 ST 152-1  6.606e+01  [0 1.000e+00 1.878e+02 9.708e-06]  [274 -6 5]
 ST 152-2  6.614e+01  [-89 3.337e-05 6.266e-03 9.705e-06]  [280 -11 22]
 ST 152-3s 6.622e+01  [-182 7.448e-10 1.398e-07 2.704e-02]  [69 -8 6]
 ST 153-1  6.649e+01  [0 1.000e+00 1.655e+02 9.801e-06]  [278 -6 6]
 ST 153-2  6.656e+01  [-91 2.684e-05 4.442e-03 9.803e-06]  [271 -6 21]
 ST 153-3s 6.663e+01  [-181 8.339e-10 1.380e-07 2.822e-02]  [81 -9 6]
 ST 154-1  6.689e+01  [0 1.000e+00 1.539e+02 9.805e-06]  [280 -7 5]
 ST 154-2  6.696e+01  [-93 2.228e-05 3.428e-03 9.621e-06]  [272 -7 22]
 ST 154-3s 6.704e+01  [-181 8.780e-10 1.351e-07 2.911e-02]  [74 -7 5]
 ST 155-1  6.729e+01  [0 1.000e+00 1.352e+02 9.814e-06]  [282 -8 6]
 ST 155-2  6.736e+01  [-91 2.647e-05 3.580e-03 9.691e-06]  [267 -5 20]
 ST 155-3s 6.744e+01  [-180 9.795e-10 1.325e-07 2.959e-02]  [64 -4 5]
 ST 156-1  6.770e+01  [0 1.000e+00 1.252e+02 9.892e-06]  [277 -6 7]
 ST 156-2  6.777e+01  [-93 2.181e-05 2.729e-03 9.566e-06]  [270 -6 22]
 ST 156-3s 6.786e+01  [-179 1.055e-09 1.321e-07 2.963e-02]  [69 -5 5]
 ST 157-1  6.815e+01  [0 1.000e+00 1.018e+02 9.655e-06]  [290 -11 6]
 ST 157-2  6.822e+01  [-93 2.153e-05 2.193e-03 9.773e-06]  [329 -6 24]
 ST 157-3s 6.830e+01  [-177 1.263e-09 1.286e-07 3.003e-02]  [47 -35 5]
 ST 158-1  6.854e+01  [0 1.000e+00 8.972e+01 9.908e-06]  [287 -9 6]
 ST 158-2  6.861e+01  [-94 1.898e-05 1.703e-03 9.945e-06]  [321 -3 22]
 ST 158-3s 6.868e+01  [-176 1.430e-09 1.283e-07 3.084e-02]  [49 -35 3]
 ST 159-1  6.891e+01  [0 1.000e+00 7.350e+01 9.972e-06]  [272 -5 6]
 ST 159-2  6.898e+01  [-94 1.827e-05 1.343e-03 9.900e-06]  [306 -17 23]
 ST 159-3s 6.905e+01  [-174 1.811e-09 1.331e-07 2.929e-02]  [47 -35 4]
 ST 160-1  6.933e+01  [0 1.000e+00 6.701e+01 9.799e-06]  [287 -10 6]
 ST 160-2  6.941e+01  [-93 2.016e-05 1.351e-03 9.879e-06]  [318 -3 28]
 ST 160-3s 6.949e+01  [-174 1.950e-09 1.307e-07 3.020e-02]  [48 -35 2]
 ST 161-1  6.974e+01  [0 1.000e+00 6.368e+01 9.920e-06]  [282 -8 7]
 ST 161-2  6.980e+01  [-94 1.870e-05 1.191e-03 9.901e-06]  [271 -7 22]
 ST 161-3s 6.988e+01  [-173 2.026e-09 1.290e-07 2.992e-02]  [43 -35 3]
 ST 162-1  7.018e+01  [0 1.000e+00 6.062e+01 9.780e-06]  [290 -11 5]
 ST 162-2  7.025e+01  [-95 1.716e-05 1.040e-03 9.681e-06]  [329 -6 24]
 ST 162-3s 7.032e+01  [-173 2.122e-09 1.286e-07 3.067e-02]  [43 -35 3]
 ST 163-1  7.060e+01  [0 1.000e+00 6.284e+01 9.960e-06]  [287 -9 5]
 ST 163-2  7.067e+01  [-97 1.279e-05 8.040e-04 9.737e-06]  [335 -8 25]
 ST 163-3s 7.074e+01  [-173 2.015e-09 1.266e-07 3.064e-02]  [40 -35 3]
 ST 164-1  7.103e+01  [0 1.000e+00 5.699e+01 9.895e-06]  [293 -12 5]
 ST 164-2  7.110e+01  [-94 1.906e-05 1.086e-03 9.978e-06]  [298 -16 23]
 ST 164-3s 7.117e+01  [-172 2.258e-09 1.287e-07 3.037e-02]  [45 -35 4]
 ST 165-1  7.141e+01  [0 1.000e+00 5.502e+01 9.753e-06]  [281 -8 6]
 ST 165-2  7.148e+01  [-98 1.221e-05 6.717e-04 9.907e-06]  [287 -12 21]
 ST 165-3s 7.155e+01  [-172 2.446e-09 1.346e-07 2.915e-02]  [37 -35 4]
 ST 166-1  7.183e+01  [0 1.000e+00 4.139e+01 9.706e-06]  [284 -9 6]
 ST 166-2  7.190e+01  [-98 1.255e-05 5.194e-04 9.833e-06]  [310 -1 23]
 ST 166-3s 7.197e+01  [-170 3.042e-09 1.259e-07 3.121e-02]  [27 -35 1]
 ST 167-1  7.222e+01  [0 1.000e+00 3.362e+01 9.780e-06]  [298 -14 8]
 ST 167-2  7.230e+01  [-92 2.262e-05 7.605e-04 9.854e-06]  [334 -8 27]
 ST 167-3s 7.236e+01  [-168 3.824e-09 1.286e-07 3.052e-02]  [39 -35 5]
 ST 168-1  7.267e+01  [0 1.000e+00 2.165e+01 9.755e-06]  [299 -14 5]
 ST 168-2  7.275e+01  [-97 1.308e-05 2.832e-04 1.383e-05]  [346 -12 28]
 ST 168-3s 7.284e+01  [-164 5.837e-09 1.264e-07 3.077e-02]  [20 -35 1]
 ST 169-1  7.311e+01  [0 1.000e+00 2.356e+01 9.757e-06]  [294 -12 6]
 ST 169-2  7.319e+01  [-95 1.752e-05 4.127e-04 9.826e-06]  [334 -8 24]
 ST 169-3s 7.325e+01  [-164 5.720e-09 1.348e-07 2.882e-02]  [20 -35 2]
 ST 170-1  7.355e+01  [0 1.000e+00 3.245e+01 9.914e-06]  [298 -14 6]
 ST 170-2  7.363e+01  [-95 1.749e-05 5.675e-04 9.801e-06]  [345 -12 25]
 ST 170-3s 7.370e+01  [-167 4.052e-09 1.315e-07 2.957e-02]  [30 -35 1]
 ST 171-1  7.399e+01  [0 1.000e+00 3.914e+01 9.803e-06]  [287 -9 6]
 ST 171-2  7.407e+01  [-99 1.119e-05 4.379e-04 9.862e-06]  [346 -12 26]
 ST 171-3s 7.415e+01  [-169 3.311e-09 1.296e-07 2.964e-02]  [21 -35 0]
 ST 172-1  7.443e+01  [0 1.000e+00 4.522e+01 9.852e-06]  [274 -5 6]
 ST 172-2  7.450e+01  [-99 1.113e-05 5.031e-04 9.923e-06]  [305 -18 23]
 ST 172-3s 7.457e+01  [-170 2.895e-09 1.309e-07 3.032e-02]  [26 -35 1]
 ST 173-1  7.493e+01  [0 1.000e+00 4.274e+01 9.780e-06]  [282 -8 4]
 ST 173-2  7.501e+01  [-98 1.158e-05 4.951e-04 9.907e-06]  [285 -13 26]
 ST 173-3s 7.508e+01  [-170 2.986e-09 1.276e-07 3.072e-02]  [27 -35 1]
 ST 174-1  7.535e+01  [0 1.000e+00 3.885e+01 9.897e-06]  [282 -8 6]
 ST 174-2  7.542e+01  [-99 1.108e-05 4.306e-04 9.590e-06]  [275 -9 22]
 ST 174-3s 7.549e+01  [-169 3.318e-09 1.289e-07 2.974e-02]  [19 -35 0]
 ST 175-1  7.574e+01  [0 1.000e+00 2.748e+01 9.995e-06]  [283 -9 6]
 ST 175-2  7.581e+01  [-98 1.231e-05 3.384e-04 1.126e-05]  [275 -9 22]
 ST 175-3s 7.588e+01  [-166 4.592e-09 1.262e-07 3.079e-02]  [18 -35 1]
 ST 176-1  7.612e+01  [0 1.000e+00 1.660e+01 9.900e-06]  [299 -14 7]
 ST 176-2  7.620e+01  [-97 1.275e-05 2.116e-04 1.841e-05]  [330 -7 24]
 ST 176-3s 7.627e+01  [-162 7.380e-09 1.225e-07 3.171e-02]  [19 -35 1]
 ST 177-1  7.653e+01  [0 1.000e+00 8.186e+00 9.660e-06]  [335 -9 7]
 ST 177-2  7.660e+01  [-91 2.672e-05 2.187e-04 1.710e-05]  [239 -12 17]
 ST 177-3s 7.669e+01  [-156 1.458e-08 1.193e-07 3.171e-02]  [17 -35 1]
 ST 178-1  7.694e+01  [0 1.000e+00 1.790e+01 9.910e-06]  [305 -16 6]
 ST 178-2  7.702e+01  [-97 1.391e-05 2.490e-04 1.589e-05]  [330 -8 30]
 ST 178-3s 7.709e+01  [-163 6.894e-09 1.234e-07 3.143e-02]  [19 -35 1]
 ST 179-1  7.736e+01  [0 1.000e+00 2.992e+01 9.971e-06]  [276 -6 5]
 ST 179-2  7.742e+01  [-99 1.084e-05 3.244e-04 1.201e-05]  [264 -3 21]
 ST 179-3s 7.749e+01  [-167 4.166e-09 1.246e-07 3.067e-02]  [19 -35 0]
 ST 180-1  7.777e+01  [0 1.000e+00 3.767e+01 9.705e-06]  [280 -7 5]
 ST 180-2  7.784e+01  [-99 1.079e-05 4.065e-04 9.975e-06]  [277 -10 21]
 ST 180-3s 7.790e+01  [-169 3.269e-09 1.232e-07 3.227e-02]  [18 -34 2]
 ST 181-1  7.815e+01  [0 1.000e+00 4.178e+01 9.691e-06]  [276 -5 6]
 ST 181-2  7.822e+01  [-99 1.009e-05 4.217e-04 9.760e-06]  [274 -8 22]
 ST 181-3s 7.829e+01  [-170 2.966e-09 1.239e-07 3.162e-02]  [19 -35 2]
 ST 182-1  7.855e+01  [0 1.000e+00 3.960e+01 9.711e-06]  [268 -3 5]
 ST 182-2  7.863e+01  [-99 1.015e-05 4.018e-04 9.881e-06]  [283 -12 25]
 ST 182-3s 7.873e+01  [-169 3.185e-09 1.261e-07 3.022e-02]  [19 -35 1]
 ST 183-1  7.901e+01  [0 1.000e+00 3.365e+01 9.958e-06]  [270 -4 6]
 ST 183-2  7.908e+01  [-99 1.031e-05 3.469e-04 1.145e-05]  [302 -18 22]
 ST 183-3s 7.915e+01  [-168 3.627e-09 1.221e-07 3.159e-02]  [21 -35 1]
 ST 184-1  7.943e+01  [0 1.000e+00 2.262e+01 9.864e-06]  [283 -9 6]
 ST 184-2  7.950e+01  [-99 1.021e-05 2.310e-04 1.711e-05]  [265 -4 21]
 ST 184-3s 7.957e+01  [-165 5.171e-09 1.170e-07 3.394e-02]  [18 -34 0]
 ST 185-1  7.985e+01  [0 1.000e+00 1.021e+01 9.756e-06]  [315 -2 7]
 ST 185-2  7.993e+01  [-96 1.477e-05 1.508e-04 2.543e-05]  [294 -14 22]
 ST 185-3s 8.000e+01  [-158 1.177e-08 1.202e-07 3.296e-02]  [18 -34 0]
 ST 186-1  8.029e+01  [0 1.000e+00 8.142e+00 9.812e-06]  [309 -1 7]
 ST 186-2  8.036e+01  [-96 1.583e-05 1.289e-04 3.002e-05]  [296 -13 21]
 ST 186-3s 8.043e+01  [-157 1.364e-08 1.111e-07 3.474e-02]  [19 -34 0]
 ST 187-1  8.081e+01  [0 1.000e+00 2.030e+01 9.982e-06]  [282 -8 4]
 ST 187-2  8.088e+01  [-99 1.095e-05 2.222e-04 1.775e-05]  [263 -3 21]
 ST 187-3s 8.096e+01  [-164 5.815e-09 1.180e-07 3.297e-02]  [18 -34 1]
 ST 188-1  8.124e+01  [0 1.000e+00 3.176e+01 9.832e-06]  [278 -6 6]
 ST 188-2  8.131e+01  [-99 1.057e-05 3.359e-04 1.164e-05]  [269 -6 22]
 ST 188-3s 8.140e+01  [-168 3.706e-09 1.177e-07 3.376e-02]  [18 -34 1]
 ST 189-1  8.165e+01  [0 1.000e+00 3.868e+01 9.906e-06]  [260 -1 5]
 ST 189-2  8.173e+01  [-99 1.034e-05 3.999e-04 9.845e-06]  [338 -9 23]
 ST 189-3s 8.180e+01  [-170 3.147e-09 1.217e-07 3.230e-02]  [19 -34 1]
 ST 190-1  8.205e+01  [0 1.000e+00 4.090e+01 9.706e-06]  [245 -14 5]
 ST 190-2  8.212e+01  [-100 9.829e-06 4.020e-04 9.724e-06]  [321 -3 23]
 ST 190-3s 8.219e+01  [-170 3.011e-09 1.232e-07 3.188e-02]  [19 -34 1]
 ST 191-1  8.244e+01  [0 1.000e+00 3.822e+01 9.959e-06]  [255 -17 6]
 ST 191-2  8.251e+01  [-99 1.007e-05 3.847e-04 1.020e-05]  [357 -16 26]
 ST 191-3s 8.268e+01  [-170 3.024e-09 1.156e-07 3.300e-02]  [18 -34 1]
 ST 192-1  8.296e+01  [0 1.000e+00 3.067e+01 9.838e-06]  [269 -4 5]
 ST 192-2  8.304e+01  [-100 9.991e-06 3.065e-04 1.259e-05]  [290 -15 23]
 ST 192-3s 8.311e+01  [-168 3.875e-09 1.188e-07 3.236e-02]  [19 -34 0]
 ST 193-1  8.340e+01  [0 1.000e+00 1.899e+01 9.856e-06]  [267 -3 6]
 ST 193-2  8.347e+01  [-99 1.008e-05 1.914e-04 2.004e-05]  [288 -13 21]
 ST 193-3s 8.354e+01  [-164 6.169e-09 1.171e-07 3.305e-02]  [18 -34 2]
 ST 194-1  8.384e+01  [0 1.000e+00 6.725e+00 9.843e-06]  [301 -15 6]
 ST 194-2  8.392e+01  [-98 1.224e-05 8.234e-05 4.825e-05]  [293 -13 23]
 ST 194-3s 8.399e+01  [-155 1.641e-08 1.103e-07 3.560e-02]  [18 -33 0]
 ST 195-1  8.425e+01  [0 1.000e+00 1.100e+01 9.753e-06]  [308 0 7]
 ST 195-2  8.432e+01  [-98 1.244e-05 1.369e-04 2.902e-05]  [320 -4 23]
 ST 195-3s 8.439e+01  [-159 1.048e-08 1.153e-07 3.396e-02]  [19 -34 2]
 ST 196-1  8.464e+01  [0 1.000e+00 2.399e+01 9.965e-06]  [273 -5 6]
 ST 196-2  8.473e+01  [-99 1.066e-05 2.556e-04 1.545e-05]  [290 -15 20]
 ST 196-3s 8.482e+01  [-165 5.032e-09 1.207e-07 3.276e-02]  [20 -34 1]
 ST 197-1  8.508e+01  [0 1.000e+00 3.425e+01 9.933e-06]  [245 -13 5]
 ST 197-2  8.516e+01  [-99 1.028e-05 3.521e-04 1.102e-05]  [333 -7 23]
 ST 197-3s 8.522e+01  [-169 3.484e-09 1.193e-07 3.246e-02]  [19 -34 2]
 ST 198-1  8.548e+01  [0 1.000e+00 4.037e+01 9.790e-06]  [261 -1 5]
 ST 198-2  8.556e+01  [-99 1.005e-05 4.058e-04 9.773e-06]  [341 -11 24]
 ST 198-3s 8.562e+01  [-170 2.980e-09 1.203e-07 3.185e-02]  [19 -34 0]
 ST 199-1  8.587e+01  [0 1.000e+00 4.161e+01 9.956e-06]  [249 -15 6]
 ST 199-2  8.595e+01  [-99 1.001e-05 4.167e-04 9.720e-06]  [328 -6 24]
 ST 199-3s 8.602e+01  [-170 2.836e-09 1.180e-07 3.303e-02]  [20 -34 1]
 ST 200-1  8.624e+01  [0 1.000e+00 3.571e+01 9.904e-06]  [237 -10 5]
 ST 200-2  8.630e+01  [-100 9.935e-06 3.548e-04 1.104e-05]  [295 -15 28]
 ST 200-3s 8.638e+01  [-169 3.252e-09 1.161e-07 3.320e-02]  [20 -34 1]
 ST 201-1  8.659e+01  [0 1.000e+00 2.443e+01 9.730e-06]  [263 -2 6]
 ST 201-2  8.667e+01  [-100 9.821e-06 2.400e-04 1.610e-05]  [298 -16 21]
 ST 201-3s 8.677e+01  [-166 4.549e-09 1.112e-07 3.545e-02]  [19 -33 1]
