---------------------------------------------------------------------
 Eq     N-i     T       dB  Ri/R1   Ri/R0    R/Ri     lsIt   dB  %t
---------------------------------------------------------------------
 ST 1-1  5.600e-02  [0 1.000e+00 1.000e+00 9.972e-06]  [561 -8 54]
 ST 1-2  9.700e-02  [-29 3.345e-02 3.345e-02 9.878e-06]  [315 -1 39]
 ST 1-3s 1.530e-01  [-120 9.138e-07 9.138e-07 9.902e-06]  [601 -6 54]
 ST 2-1  3.460e-01  [0 1.000e+00 1.023e+00 9.824e-06]  [474 -2 12]
 ST 2-2  3.920e-01  [-36 1.575e-02 1.611e-02 9.889e-06]  [364 -1 39]
 ST 2-3s 4.510e-01  [-118 1.137e-06 1.164e-06 9.922e-06]  [555 -8 47]
 ST 3-1  6.320e-01  [0 1.000e+00 7.069e-01 9.971e-06]  [527 -2 15]
 ST 3-2  6.800e-01  [-49 3.466e-03 2.450e-03 9.889e-06]  [399 -7 46]
 ST 3-3s 7.390e-01  [-122 7.894e-07 5.580e-07 9.973e-06]  [566 -1 51]
 ST 4-1  8.850e-01  [0 1.000e+00 8.476e-01 9.859e-06]  [505 -7 19]
 ST 4-2  9.360e-01  [-58 1.236e-03 1.048e-03 9.898e-06]  [442 -5 53]
 ST 4-3s 9.870e-01  [-128 3.715e-07 3.149e-07 9.935e-06]  [539 -4 51]
 ST 5-1  1.161e+00  [0 1.000e+00 4.467e-01 9.901e-06]  [497 -6 15]
 ST 5-2  1.214e+00  [-66 4.535e-04 2.026e-04 9.892e-06]  [529 -3 51]
 ST 5-3s 1.272e+00  [-131 2.689e-07 1.201e-07 9.826e-06]  [548 -6 53]
 ST 6-1  1.440e+00  [0 1.000e+00 5.514e-01 9.923e-06]  [457 -8 15]
 ST 6-2  1.493e+00  [-71 2.548e-04 1.405e-04 9.963e-06]  [533 -3 51]
 ST 6-3s 1.553e+00  [-131 2.545e-07 1.403e-07 9.980e-06]  [539 -4 53]
 ST 7-1  1.767e+00  [0 1.000e+00 3.850e-01 9.864e-06]  [467 -1 14]
 ST 7-2  1.819e+00  [-61 8.354e-04 3.217e-04 9.879e-06]  [503 -7 54]
 ST 7-3s 1.871e+00  [-123 6.980e-07 2.688e-07 9.984e-06]  [517 -1 52]
 ST 8-1  2.048e+00  [0 1.000e+00 4.505e-01 9.963e-06]  [468 -2 14]
 ST 8-2  2.101e+00  [-59 1.032e-03 4.651e-04 9.854e-06]  [498 -6 51]
 ST 8-3s 2.157e+00  [-123 6.943e-07 3.128e-07 9.951e-06]  [504 -8 52]
 ST 9-1  2.365e+00  [0 1.000e+00 3.273e-01 9.935e-06]  [502 -7 13]
 ST 9-2  2.416e+00  [-57 1.262e-03 4.129e-04 9.957e-06]  [497 -6 49]
 ST 9-3s 2.471e+00  [-122 7.866e-07 2.574e-07 9.894e-06]  [504 -8 53]
 ST 10-1  2.618e+00  [0 1.000e+00 3.285e-01 9.972e-06]  [516 -1 18]
 ST 10-2  2.673e+00  [-59 1.104e-03 3.628e-04 9.948e-06]  [499 -7 45]
 ST 10-3s 2.727e+00  [-124 6.116e-07 2.009e-07 9.962e-06]  [517 -1 50]
 ST 11-1  2.913e+00  [0 1.000e+00 2.665e-01 9.881e-06]  [528 -3 13]
 ST 11-2  2.967e+00  [-58 1.168e-03 3.113e-04 9.870e-06]  [500 -7 52]
 ST 11-3s 3.022e+00  [-124 5.688e-07 1.516e-07 9.998e-06]  [529 -2 55]
 ST 12-1  3.200e+00  [0 1.000e+00 2.525e-01 9.962e-06]  [524 -2 16]
 ST 12-2  3.251e+00  [-59 1.000e-03 2.526e-04 9.865e-06]  [502 -7 53]
 ST 12-3s 3.308e+00  [-127 4.425e-07 1.117e-07 9.968e-06]  [539 -4 51]
 ST 13-1  3.476e+00  [0 1.000e+00 2.146e-01 9.880e-06]  [520 -1 17]
 ST 13-2  3.532e+00  [-60 8.916e-04 1.913e-04 9.941e-06]  [505 -8 54]
 ST 13-3s 3.588e+00  [-128 3.677e-07 7.890e-08 9.957e-06]  [546 -6 55]
 ST 14-1  3.737e+00  [0 1.000e+00 1.982e-01 9.938e-06]  [496 -6 18]
 ST 14-2  3.789e+00  [-62 7.492e-04 1.485e-04 9.959e-06]  [513 0 50]
 ST 14-3s 3.845e+00  [-130 2.906e-07 5.760e-08 1.245e-05]  [540 -5 52]
 ST 15-1  3.982e+00  [0 1.000e+00 1.753e-01 9.845e-06]  [485 -5 18]
 ST 15-2  4.037e+00  [-63 6.537e-04 1.146e-04 9.940e-06]  [521 -1 49]
 ST 15-3s 4.094e+00  [-132 2.411e-07 4.226e-08 1.697e-05]  [527 -3 53]
 ST 16-1  4.258e+00  [0 1.000e+00 1.635e-01 9.902e-06]  [477 -3 16]
 ST 16-2  4.313e+00  [-64 5.799e-04 9.482e-05 9.885e-06]  [521 -1 53]
 ST 16-3s 4.366e+00  [-133 2.032e-07 3.322e-08 2.168e-05]  [514 0 53]
 ST 17-1  4.564e+00  [0 1.000e+00 1.476e-01 9.883e-06]  [476 -3 13]
 ST 17-2  4.619e+00  [-65 5.142e-04 7.592e-05 9.998e-06]  [515 0 51]
 ST 17-3s 4.679e+00  [-135 1.742e-07 2.572e-08 2.813e-05]  [497 -6 50]
 ST 18-1  4.843e+00  [0 1.000e+00 1.381e-01 9.870e-06]  [482 -4 14]
 ST 18-2  4.905e+00  [-67 4.369e-04 6.032e-05 9.844e-06]  [521 -1 48]
 ST 18-3s 4.957e+00  [-136 1.458e-07 2.013e-08 3.569e-05]  [483 -4 46]
 ST 19-1  5.121e+00  [0 1.000e+00 1.251e-01 9.835e-06]  [484 -5 15]
 ST 19-2  5.174e+00  [-68 3.860e-04 4.829e-05 9.866e-06]  [527 -2 51]
 ST 19-3s 5.232e+00  [-137 1.265e-07 1.582e-08 4.539e-05]  [464 -1 43]
 ST 20-1  5.393e+00  [0 1.000e+00 1.186e-01 9.967e-06]  [481 -4 16]
 ST 20-2  5.446e+00  [-69 3.459e-04 4.102e-05 9.990e-06]  [531 -3 51]
 ST 20-3s 5.503e+00  [-139 1.093e-07 1.296e-08 5.571e-05]  [446 -6 46]
 ST 21-1  5.679e+00  [0 1.000e+00 1.090e-01 9.869e-06]  [496 -6 17]
 ST 21-2  5.733e+00  [-70 3.161e-04 3.446e-05 9.979e-06]  [525 -2 54]
 ST 21-3s 5.782e+00  [-140 9.470e-08 1.033e-08 7.009e-05]  [432 -4 43]
 ST 22-1  5.934e+00  [0 1.000e+00 1.039e-01 9.971e-06]  [512 0 16]
 ST 22-2  5.985e+00  [-70 2.866e-04 2.979e-05 9.802e-06]  [521 -2 51]
 ST 22-3s 6.035e+00  [-141 8.024e-08 8.339e-09 8.667e-05]  [424 -2 44]
 ST 23-1  6.205e+00  [0 1.000e+00 9.686e-02 9.969e-06]  [504 -8 17]
 ST 23-2  6.261e+00  [-71 2.631e-04 2.549e-05 9.926e-06]  [519 -1 52]
 ST 23-3s 6.309e+00  [-142 7.130e-08 6.906e-09 1.041e-04]  [418 -1 46]
 ST 24-1  6.475e+00  [0 1.000e+00 9.365e-02 9.971e-06]  [496 -6 16]
 ST 24-2  6.527e+00  [-72 2.398e-04 2.246e-05 9.893e-06]  [517 -1 52]
 ST 24-3s 6.573e+00  [-143 6.401e-08 5.995e-09 1.210e-04]  [407 -8 46]
 ST 25-1  6.728e+00  [0 1.000e+00 8.865e-02 9.893e-06]  [486 -4 15]
 ST 25-2  6.786e+00  [-73 2.150e-04 1.906e-05 9.988e-06]  [518 -1 47]
 ST 25-3s 6.836e+00  [-144 5.730e-08 5.079e-09 1.414e-04]  [399 -7 48]
 ST 26-1  7.047e+00  [0 1.000e+00 8.702e-02 9.981e-06]  [480 -3 12]
 ST 26-2  7.099e+00  [-74 1.925e-04 1.675e-05 9.928e-06]  [517 -1 52]
 ST 26-3s 7.151e+00  [-145 5.113e-08 4.449e-09 1.613e-04]  [392 -6 50]
 ST 27-1  7.327e+00  [0 1.000e+00 8.396e-02 9.859e-06]  [484 -3 14]
 ST 27-2  7.378e+00  [-74 1.802e-04 1.513e-05 9.874e-06]  [517 -1 51]
 ST 27-3s 7.422e+00  [-146 4.783e-08 4.016e-09 1.794e-04]  [383 -4 43]
 ST 28-1  7.565e+00  [0 1.000e+00 8.396e-02 9.999e-06]  [490 -5 17]
 ST 28-2  7.619e+00  [-75 1.761e-04 1.478e-05 9.805e-06]  [512 0 54]
 ST 28-3s 7.665e+00  [-146 4.590e-08 3.854e-09 1.887e-04]  [369 -2 43]
 ST 29-1  7.822e+00  [0 1.000e+00 8.149e-02 9.838e-06]  [472 -2 15]
 ST 29-2  7.876e+00  [-75 1.690e-04 1.377e-05 9.995e-06]  [512 0 48]
 ST 29-3s 7.925e+00  [-147 4.412e-08 3.595e-09 1.997e-04]  [357 -8 43]
 ST 30-1  8.113e+00  [0 1.000e+00 8.123e-02 9.982e-06]  [434 -4 14]
 ST 30-2  8.167e+00  [-75 1.642e-04 1.334e-05 9.953e-06]  [501 -7 43]
 ST 30-3s 8.215e+00  [-147 4.205e-08 3.416e-09 2.132e-04]  [360 0 42]
 ST 31-1  8.385e+00  [0 1.000e+00 7.853e-02 9.852e-06]  [434 -4 14]
 ST 31-2  8.436e+00  [-75 1.609e-04 1.264e-05 9.771e-06]  [501 -7 49]
 ST 31-3s 8.482e+00  [-147 4.135e-08 3.247e-09 2.239e-04]  [365 -1 37]
 ST 32-1  8.628e+00  [0 1.000e+00 7.843e-02 9.987e-06]  [456 -8 17]
 ST 32-2  8.682e+00  [-75 1.589e-04 1.246e-05 9.959e-06]  [520 -1 54]
 ST 32-3s 8.727e+00  [-148 3.843e-08 3.014e-09 2.415e-04]  [362 -1 40]
 ST 33-1  8.893e+00  [0 1.000e+00 7.587e-02 9.966e-06]  [488 -5 16]
 ST 33-2  8.947e+00  [-76 1.572e-04 1.193e-05 9.821e-06]  [504 -8 50]
 ST 33-3s 9.006e+00  [-148 3.691e-08 2.800e-09 2.579e-04]  [362 -1 36]
 ST 34-1  9.193e+00  [0 1.000e+00 7.577e-02 9.908e-06]  [493 -6 14]
 ST 34-2  9.249e+00  [-76 1.546e-04 1.171e-05 9.875e-06]  [502 -7 52]
 ST 34-3s 9.311e+00  [-149 3.450e-08 2.614e-09 2.780e-04]  [356 -8 27]
 ST 35-1  9.453e+00  [0 1.000e+00 7.339e-02 9.917e-06]  [494 -6 18]
 ST 35-2  9.503e+00  [-76 1.503e-04 1.103e-05 9.966e-06]  [500 -7 50]
 ST 35-3s 9.546e+00  [-149 3.279e-08 2.407e-09 3.000e-04]  [351 -8 42]
 ST 36-1  9.708e+00  [0 1.000e+00 7.337e-02 9.966e-06]  [494 -6 17]
 ST 36-2  9.761e+00  [-76 1.470e-04 1.079e-05 9.823e-06]  [497 -6 49]
 ST 36-3s 9.806e+00  [-150 3.105e-08 2.278e-09 3.163e-04]  [346 -7 38]
 ST 37-1  9.991e+00  [0 1.000e+00 7.107e-02 9.850e-06]  [489 -5 16]
 ST 37-2  1.004e+01  [-77 1.400e-04 9.953e-06 9.928e-06]  [496 -6 54]
 ST 37-3s 1.009e+01  [-150 2.968e-08 2.109e-09 3.405e-04]  [341 -6 40]
 ST 38-1  1.026e+01  [0 1.000e+00 7.042e-02 9.954e-06]  [480 -3 15]
 ST 38-2  1.032e+01  [-78 1.241e-04 8.741e-06 9.786e-06]  [498 -7 50]
 ST 38-3s 1.036e+01  [-151 2.706e-08 1.905e-09 3.768e-04]  [334 -5 38]
 ST 39-1  1.051e+01  [0 1.000e+00 6.774e-02 9.916e-06]  [449 -8 15]
 ST 39-2  1.056e+01  [-79 1.081e-04 7.322e-06 9.990e-06]  [508 -8 51]
 ST 39-3s 1.061e+01  [-152 2.468e-08 1.672e-09 4.329e-04]  [327 -4 41]
 ST 40-1  1.076e+01  [0 1.000e+00 6.775e-02 9.923e-06]  [455 -8 16]
 ST 40-2  1.082e+01  [-80 9.974e-05 6.757e-06 9.919e-06]  [515 -1 51]
 ST 40-3s 1.086e+01  [-152 2.272e-08 1.539e-09 4.695e-04]  [324 -3 41]
 ST 41-1  1.107e+01  [0 1.000e+00 6.655e-02 9.894e-06]  [459 -9 11]
 ST 41-2  1.113e+01  [-80 9.450e-05 6.289e-06 9.897e-06]  [520 -1 53]
 ST 41-3s 1.117e+01  [-153 2.146e-08 1.428e-09 5.090e-04]  [320 -2 38]
 ST 42-1  1.133e+01  [0 1.000e+00 6.746e-02 9.932e-06]  [451 -8 16]
 ST 42-2  1.138e+01  [-80 9.023e-05 6.087e-06 9.890e-06]  [508 -8 49]
 ST 42-3s 1.142e+01  [-153 2.070e-08 1.396e-09 5.154e-04]  [326 -3 42]
 ST 43-1  1.159e+01  [0 1.000e+00 6.671e-02 9.987e-06]  [469 -1 14]
 ST 43-2  1.164e+01  [-80 8.985e-05 5.994e-06 9.985e-06]  [525 -2 53]
 ST 43-3s 1.168e+01  [-153 2.151e-08 1.435e-09 4.986e-04]  [325 -3 40]
 ST 44-1  1.190e+01  [0 1.000e+00 6.789e-02 9.981e-06]  [481 -3 13]
 ST 44-2  1.195e+01  [-80 9.175e-05 6.229e-06 9.924e-06]  [527 -3 50]
 ST 44-3s 1.199e+01  [-153 2.193e-08 1.489e-09 4.830e-04]  [324 -2 40]
 ST 45-1  1.217e+01  [0 1.000e+00 6.902e-02 9.930e-06]  [475 -2 15]
 ST 45-2  1.222e+01  [-80 9.292e-05 6.414e-06 9.838e-06]  [526 -3 53]
 ST 45-3s 1.227e+01  [-153 2.223e-08 1.534e-09 4.727e-04]  [325 -3 37]
 ST 46-1  1.243e+01  [0 1.000e+00 7.041e-02 9.885e-06]  [479 -3 17]
 ST 46-2  1.249e+01  [-80 9.636e-05 6.785e-06 9.945e-06]  [526 -3 52]
 ST 46-3s 1.253e+01  [-152 2.247e-08 1.582e-09 4.546e-04]  [329 -3 40]
 ST 47-1  1.268e+01  [0 1.000e+00 7.181e-02 9.970e-06]  [486 -4 17]
 ST 47-2  1.273e+01  [-79 1.046e-04 7.510e-06 9.841e-06]  [523 -2 50]
 ST 47-3s 1.278e+01  [-153 2.228e-08 1.600e-09 4.510e-04]  [331 -4 39]
 ST 48-1  1.292e+01  [0 1.000e+00 7.320e-02 9.909e-06]  [485 -4 19]
 ST 48-2  1.297e+01  [-79 1.058e-04 7.741e-06 9.972e-06]  [521 -2 49]
 ST 48-3s 1.302e+01  [-152 2.248e-08 1.645e-09 4.407e-04]  [332 -4 38]
 ST 49-1  1.326e+01  [0 1.000e+00 7.617e-02 9.834e-06]  [485 -4 10]
 ST 49-2  1.332e+01  [-79 1.079e-04 8.220e-06 9.974e-06]  [522 -2 49]
 ST 49-3s 1.336e+01  [-152 2.298e-08 1.750e-09 4.150e-04]  [335 -5 42]
 ST 50-1  1.354e+01  [0 1.000e+00 7.837e-02 9.964e-06]  [484 -4 16]
 ST 50-2  1.360e+01  [-79 1.117e-04 8.752e-06 9.887e-06]  [520 -1 53]
 ST 50-3s 1.364e+01  [-152 2.333e-08 1.829e-09 3.942e-04]  [336 -5 37]
 ST 51-1  1.380e+01  [0 1.000e+00 8.087e-02 9.960e-06]  [480 -3 15]
 ST 51-2  1.385e+01  [-78 1.152e-04 9.312e-06 9.988e-06]  [518 -1 51]
 ST 51-3s 1.389e+01  [-152 2.348e-08 1.899e-09 3.817e-04]  [336 -5 40]
 ST 52-1  1.407e+01  [0 1.000e+00 8.388e-02 9.838e-06]  [473 -2 14]
 ST 52-2  1.413e+01  [-78 1.212e-04 1.017e-05 9.889e-06]  [515 -1 52]
 ST 52-3s 1.418e+01  [-152 2.369e-08 1.987e-09 3.611e-04]  [337 -5 45]
 ST 53-1  1.437e+01  [0 1.000e+00 8.604e-02 9.880e-06]  [471 -2 13]
 ST 53-2  1.442e+01  [-76 1.501e-04 1.291e-05 9.801e-06]  [489 -5 47]
 ST 53-3s 1.447e+01  [-152 2.455e-08 2.113e-09 3.445e-04]  [338 -6 40]
 ST 54-1  1.466e+01  [0 1.000e+00 8.987e-02 9.941e-06]  [476 -3 13]
 ST 54-2  1.471e+01  [-75 1.759e-04 1.581e-05 9.906e-06]  [501 -7 49]
 ST 54-3s 1.475e+01  [-151 2.595e-08 2.332e-09 3.122e-04]  [348 -8 39]
 ST 55-1  1.493e+01  [0 1.000e+00 9.424e-02 9.941e-06]  [482 -4 14]
 ST 55-2  1.498e+01  [-74 1.896e-04 1.787e-05 9.913e-06]  [502 -7 51]
 ST 55-3s 1.503e+01  [-151 2.768e-08 2.609e-09 2.782e-04]  [357 -9 38]
 ST 56-1  1.522e+01  [0 1.000e+00 1.004e-01 9.826e-06]  [486 -5 13]
 ST 56-2  1.527e+01  [-73 2.030e-04 2.038e-05 9.905e-06]  [499 -7 48]
 ST 56-3s 1.532e+01  [-150 2.912e-08 2.923e-09 2.469e-04]  [366 -1 44]
 ST 57-1  1.549e+01  [0 1.000e+00 1.064e-01 9.845e-06]  [487 -5 17]
 ST 57-2  1.554e+01  [-73 2.193e-04 2.332e-05 9.972e-06]  [495 -6 50]
 ST 57-3s 1.559e+01  [-150 3.044e-08 3.237e-09 2.221e-04]  [370 -1 44]
 ST 58-1  1.578e+01  [0 1.000e+00 1.140e-01 9.916e-06]  [484 -4 13]
 ST 58-2  1.583e+01  [-72 2.241e-04 2.554e-05 9.964e-06]  [493 -5 49]
 ST 58-3s 1.588e+01  [-150 3.162e-08 3.604e-09 2.000e-04]  [375 -2 42]
 ST 59-1  1.602e+01  [0 1.000e+00 1.221e-01 9.882e-06]  [479 -3 17]
 ST 59-2  1.607e+01  [-72 2.262e-04 2.762e-05 9.936e-06]  [493 -5 49]
 ST 59-3s 1.612e+01  [-149 3.304e-08 4.035e-09 1.801e-04]  [380 -3 39]
 ST 60-1  1.627e+01  [0 1.000e+00 1.313e-01 9.913e-06]  [469 -1 15]
 ST 60-2  1.633e+01  [-72 2.267e-04 2.978e-05 9.879e-06]  [492 -5 51]
 ST 60-3s 1.638e+01  [-149 3.431e-08 4.507e-09 1.590e-04]  [384 -4 45]
 ST 61-1  1.658e+01  [0 1.000e+00 1.413e-01 9.900e-06]  [459 -9 13]
 ST 61-2  1.663e+01  [-73 2.230e-04 3.150e-05 9.882e-06]  [483 -4 52]
 ST 61-3s 1.668e+01  [-149 3.467e-08 4.898e-09 1.487e-04]  [386 -4 43]
 ST 62-1  1.686e+01  [0 1.000e+00 1.521e-01 9.831e-06]  [451 -8 14]
 ST 62-2  1.691e+01  [-73 2.183e-04 3.321e-05 9.841e-06]  [479 -3 43]
 ST 62-3s 1.696e+01  [-149 3.496e-08 5.317e-09 1.354e-04]  [391 -5 48]
 ST 63-1  1.714e+01  [0 1.000e+00 1.639e-01 9.844e-06]  [445 -7 13]
 ST 63-2  1.719e+01  [-73 2.089e-04 3.425e-05 9.815e-06]  [486 -4 45]
 ST 63-3s 1.724e+01  [-149 3.523e-08 5.776e-09 1.258e-04]  [394 -6 41]
 ST 64-1  1.741e+01  [0 1.000e+00 1.777e-01 9.858e-06]  [433 -5 14]
 ST 64-2  1.747e+01  [-74 1.800e-04 3.198e-05 9.925e-06]  [485 -4 47]
 ST 64-3s 1.752e+01  [-149 3.420e-08 6.077e-09 1.177e-04]  [397 -7 39]
 ST 65-1  1.769e+01  [0 1.000e+00 1.915e-01 9.860e-06]  [417 -2 13]
 ST 65-2  1.774e+01  [-76 1.567e-04 3.001e-05 9.885e-06]  [488 -4 50]
 ST 65-3s 1.779e+01  [-149 3.220e-08 6.166e-09 1.162e-04]  [395 -6 46]
 ST 66-1  1.797e+01  [0 1.000e+00 2.030e-01 9.816e-06]  [408 -10 12]
 ST 66-2  1.802e+01  [-76 1.491e-04 3.027e-05 9.834e-06]  [487 -4 48]
 ST 66-3s 1.807e+01  [-150 3.032e-08 6.155e-09 1.158e-04]  [395 -6 44]
 ST 67-1  1.820e+01  [0 1.000e+00 2.143e-01 9.900e-06]  [403 -8 15]
 ST 67-2  1.826e+01  [-76 1.463e-04 3.135e-05 9.940e-06]  [481 -3 49]
 ST 67-3s 1.831e+01  [-150 2.933e-08 6.285e-09 1.153e-04]  [393 -6 41]
 ST 68-1  1.844e+01  [0 1.000e+00 2.242e-01 9.937e-06]  [400 -7 15]
 ST 68-2  1.849e+01  [-76 1.497e-04 3.356e-05 9.856e-06]  [477 -2 47]
 ST 68-3s 1.854e+01  [-150 2.915e-08 6.536e-09 1.113e-04]  [391 -5 49]
 ST 69-1  1.869e+01  [0 1.000e+00 2.341e-01 9.968e-06]  [397 -7 14]
 ST 69-2  1.874e+01  [-76 1.541e-04 3.607e-05 9.851e-06]  [471 -1 46]
 ST 69-3s 1.879e+01  [-150 2.882e-08 6.746e-09 1.076e-04]  [388 -5 39]
 ST 70-1  1.893e+01  [0 1.000e+00 2.411e-01 9.839e-06]  [389 -5 14]
 ST 70-2  1.898e+01  [-76 1.569e-04 3.784e-05 9.865e-06]  [451 -8 49]
 ST 70-3s 1.903e+01  [-151 2.740e-08 6.607e-09 1.092e-04]  [383 -4 43]
 ST 71-1  1.916e+01  [0 1.000e+00 2.478e-01 9.858e-06]  [381 -4 16]
 ST 71-2  1.921e+01  [-76 1.564e-04 3.875e-05 9.886e-06]  [441 -7 47]
 ST 71-3s 1.925e+01  [-151 2.604e-08 6.454e-09 1.122e-04]  [383 -4 41]
 ST 72-1  1.942e+01  [0 1.000e+00 2.522e-01 9.998e-06]  [389 -5 12]
 ST 72-2  1.947e+01  [-76 1.507e-04 3.801e-05 9.968e-06]  [439 -6 46]
 ST 72-3s 1.952e+01  [-151 2.681e-08 6.762e-09 1.074e-04]  [385 -4 46]
 ST 73-1  1.966e+01  [0 1.000e+00 2.582e-01 9.933e-06]  [393 -6 15]
 ST 73-2  1.971e+01  [-76 1.468e-04 3.790e-05 9.833e-06]  [440 -6 49]
 ST 73-3s 1.975e+01  [-151 2.611e-08 6.743e-09 1.063e-04]  [385 -4 43]
 ST 74-1  1.992e+01  [0 1.000e+00 2.708e-01 9.845e-06]  [401 -8 13]
 ST 74-2  1.997e+01  [-75 1.725e-04 4.672e-05 9.985e-06]  [442 -7 44]
 ST 74-3s 2.002e+01  [-151 2.548e-08 6.900e-09 1.037e-04]  [382 -4 42]
 ST 75-1  2.018e+01  [0 1.000e+00 2.691e-01 9.805e-06]  [398 -7 15]
 ST 75-2  2.023e+01  [-76 1.467e-04 3.947e-05 9.885e-06]  [437 -6 46]
 ST 75-3s 2.027e+01  [-152 2.424e-08 6.523e-09 1.114e-04]  [376 -3 44]
 ST 76-1  2.046e+01  [0 1.000e+00 2.815e-01 9.924e-06]  [388 -5 10]
 ST 76-2  2.051e+01  [-76 1.471e-04 4.142e-05 9.874e-06]  [434 -5 47]
 ST 76-3s 2.056e+01  [-152 2.395e-08 6.743e-09 1.072e-04]  [377 -3 41]
 ST 77-1  2.069e+01  [0 1.000e+00 2.861e-01 9.803e-06]  [381 -4 14]
 ST 77-2  2.074e+01  [-75 1.616e-04 4.622e-05 9.871e-06]  [427 -4 44]
 ST 77-3s 2.079e+01  [-152 2.412e-08 6.900e-09 1.044e-04]  [375 -2 40]
 ST 78-1  2.097e+01  [0 1.000e+00 2.971e-01 9.986e-06]  [356 -10 10]
 ST 78-2  2.102e+01  [-76 1.576e-04 4.681e-05 9.889e-06]  [426 -4 45]
 ST 78-3s 2.108e+01  [-153 2.081e-08 6.182e-09 1.173e-04]  [359 0 49]
 ST 79-1  2.121e+01  [0 1.000e+00 3.041e-01 9.802e-06]  [351 -9 15]
 ST 79-2  2.126e+01  [-74 1.798e-04 5.467e-05 9.813e-06]  [431 -5 45]
 ST 79-3s 2.130e+01  [-153 2.113e-08 6.423e-09 1.125e-04]  [338 -7 40]
 ST 80-1  2.147e+01  [0 1.000e+00 3.106e-01 9.914e-06]  [361 -1 13]
 ST 80-2  2.154e+01  [-74 1.848e-04 5.741e-05 9.874e-06]  [437 -6 38]
 ST 80-3s 2.158e+01  [-153 2.109e-08 6.551e-09 1.111e-04]  [341 -7 38]
 ST 81-1  2.172e+01  [0 1.000e+00 3.160e-01 9.905e-06]  [360 0 13]
 ST 81-2  2.177e+01  [-74 1.926e-04 6.085e-05 9.917e-06]  [438 -7 51]
 ST 81-3s 2.182e+01  [-153 2.058e-08 6.501e-09 1.110e-04]  [341 -7 41]
 ST 82-1  2.195e+01  [0 1.000e+00 3.185e-01 9.865e-06]  [351 -8 14]
 ST 82-2  2.200e+01  [-73 2.008e-04 6.396e-05 9.871e-06]  [433 -6 47]
 ST 82-3s 2.205e+01  [-153 2.083e-08 6.633e-09 1.090e-04]  [339 -7 39]
 ST 83-1  2.226e+01  [0 1.000e+00 3.231e-01 9.917e-06]  [345 -7 8]
 ST 83-2  2.230e+01  [-73 2.139e-04 6.913e-05 9.926e-06]  [424 -4 46]
 ST 83-3s 2.235e+01  [-153 2.187e-08 7.068e-09 1.016e-04]  [339 -7 40]
 ST 84-1  2.250e+01  [0 1.000e+00 3.247e-01 9.974e-06]  [315 -1 13]
 ST 84-2  2.255e+01  [-72 2.345e-04 7.614e-05 9.951e-06]  [420 -2 45]
 ST 84-3s 2.260e+01  [-152 2.494e-08 8.098e-09 8.869e-05]  [346 -8 39]
 ST 85-1  2.273e+01  [0 1.000e+00 3.385e-01 9.931e-06]  [348 -7 13]
 ST 85-2  2.278e+01  [-69 3.544e-04 1.200e-04 9.975e-06]  [439 -6 45]
 ST 85-3s 2.283e+01  [-151 2.714e-08 9.186e-09 7.904e-05]  [360 0 40]
 ST 86-1  2.296e+01  [0 1.000e+00 3.326e-01 9.822e-06]  [378 -4 14]
 ST 86-2  2.301e+01  [-67 4.080e-04 1.357e-04 9.870e-06]  [435 -5 44]
 ST 86-3s 2.306e+01  [-150 3.004e-08 9.994e-09 7.209e-05]  [355 -10 44]
 ST 87-1  2.322e+01  [0 1.000e+00 3.334e-01 9.993e-06]  [396 -7 15]
 ST 87-2  2.327e+01  [-66 4.740e-04 1.580e-04 9.858e-06]  [412 0 51]
 ST 87-3s 2.332e+01  [-149 3.169e-08 1.056e-08 6.889e-05]  [355 -10 41]
 ST 88-1  2.348e+01  [0 1.000e+00 3.166e-01 9.905e-06]  [397 -7 13]
 ST 88-2  2.352e+01  [-66 4.984e-04 1.578e-04 9.934e-06]  [406 -9 44]
 ST 88-3s 2.357e+01  [-150 3.159e-08 1.000e-08 7.266e-05]  [346 -9 40]
 ST 89-1  2.371e+01  [0 1.000e+00 2.136e-01 9.966e-06]  [398 -8 15]
 ST 89-2  2.376e+01  [-66 4.882e-04 1.043e-04 9.874e-06]  [398 -8 44]
 ST 89-3s 2.380e+01  [-152 2.359e-08 5.039e-09 1.421e-04]  [325 -4 39]
 ST 90-1  2.394e+01  [0 1.000e+00 3.255e-01 9.959e-06]  [410 0 16]
 ST 90-2  2.398e+01  [-47 4.086e-03 1.330e-03 9.881e-06]  [333 -4 40]
 ST 90-3s 2.404e+01  [-133 2.102e-07 6.842e-08 1.045e-05]  [485 -4 45]
 ST 91-1  2.422e+01  [0 1.000e+00 4.227e-01 9.837e-06]  [389 -6 11]
 ST 91-2  2.427e+01  [-46 4.609e-03 1.948e-03 9.836e-06]  [343 -7 42]
 ST 91-3s 2.432e+01  [-131 2.786e-07 1.178e-07 9.962e-06]  [449 -9 48]
 ST 92-1  2.446e+01  [0 1.000e+00 5.488e-01 9.859e-06]  [381 -4 13]
 ST 92-2  2.451e+01  [-46 4.905e-03 2.692e-03 9.912e-06]  [333 -6 39]
 ST 92-3s 2.456e+01  [-129 3.253e-07 1.785e-07 9.916e-06]  [443 -8 46]
 ST 93-1  2.472e+01  [0 1.000e+00 1.081e+00 9.818e-06]  [335 -8 11]
 ST 93-2  2.476e+01  [-53 2.126e-03 2.298e-03 9.856e-06]  [341 -8 40]
 ST 93-3s 2.482e+01  [-138 1.166e-07 1.260e-07 9.793e-06]  [527 -3 51]
 ST 94-1  2.496e+01  [0 1.000e+00 1.310e+00 9.873e-06]  [379 -4 15]
 ST 94-2  2.500e+01  [-42 7.697e-03 1.008e-02 9.948e-06]  [310 0 36]
 ST 94-3s 2.505e+01  [-127 4.295e-07 5.625e-07 9.877e-06]  [488 -4 47]
 ST 95-1  2.519e+01  [0 1.000e+00 3.882e-01 9.957e-06]  [424 -3 15]
 ST 95-2  2.525e+01  [-53 2.088e-03 8.107e-04 9.822e-06]  [374 -3 36]
 ST 95-3s 2.530e+01  [-140 9.909e-08 3.847e-08 1.859e-05]  [417 -2 42]
 ST 96-1  2.549e+01  [0 1.000e+00 4.757e-01 9.877e-06]  [370 -2 10]
 ST 96-2  2.554e+01  [-60 9.247e-04 4.398e-04 9.774e-06]  [354 -9 40]
 ST 96-3s 2.559e+01  [-145 5.090e-08 2.421e-08 2.930e-05]  [398 -8 46]
 ST 97-1  2.574e+01  [0 1.000e+00 3.832e-01 9.892e-06]  [400 -8 13]
 ST 97-2  2.579e+01  [-50 3.055e-03 1.171e-03 9.727e-06]  [305 -10 38]
 ST 97-3s 2.583e+01  [-137 1.384e-07 5.302e-08 1.336e-05]  [423 -4 47]
 ST 98-1  2.599e+01  [0 1.000e+00 6.067e-01 9.778e-06]  [398 -7 15]
 ST 98-2  2.603e+01  [-46 4.900e-03 2.973e-03 9.992e-06]  [296 -8 43]
 ST 98-3s 2.609e+01  [-132 2.309e-07 1.401e-07 9.844e-06]  [505 -9 51]
 ST 99-1  2.624e+01  [0 1.000e+00 1.958e+00 9.922e-06]  [368 -2 15]
 ST 99-2  2.628e+01  [-40 9.676e-03 1.895e-02 9.861e-06]  [323 -2 39]
 ST 99-3s 2.634e+01  [-126 4.942e-07 9.678e-07 9.800e-06]  [527 -3 47]
 ST 100-1  2.650e+01  [0 1.000e+00 1.657e+00 9.928e-06]  [343 -8 11]
 ST 100-2  2.655e+01  [-36 1.413e-02 2.341e-02 9.775e-06]  [306 -11 36]
 ST 100-3s 2.664e+01  [-127 4.077e-07 6.754e-07 9.864e-06]  [474 -2 26]
 ST 101-1  2.680e+01  [0 1.000e+00 3.594e-01 9.906e-06]  [408 -10 13]
 ST 101-2  2.685e+01  [-41 8.101e-03 2.911e-03 9.934e-06]  [299 -9 38]
 ST 101-3s 2.690e+01  [-138 1.223e-07 4.395e-08 1.656e-05]  [555 -8 50]
 ST 102-1  2.705e+01  [0 1.000e+00 3.366e-01 9.973e-06]  [350 -9 14]
 ST 102-2  2.709e+01  [-53 2.174e-03 7.320e-04 9.755e-06]  [330 -6 42]
 ST 102-3s 2.714e+01  [-148 3.605e-08 1.214e-08 5.905e-05]  [445 -7 46]
 ST 103-1  2.733e+01  [0 1.000e+00 4.042e-01 9.824e-06]  [433 -4 13]
 ST 103-2  2.737e+01  [-42 7.865e-03 3.179e-03 9.933e-06]  [279 -4 34]
 ST 103-3s 2.742e+01  [-139 1.082e-07 4.375e-08 1.651e-05]  [479 -5 52]
 ST 104-1  2.761e+01  [0 1.000e+00 2.385e-01 9.830e-06]  [429 -4 13]
 ST 104-2  2.765e+01  [-56 1.508e-03 3.598e-04 9.895e-06]  [387 -6 42]
 ST 104-3s 2.771e+01  [-151 2.689e-08 6.414e-09 1.123e-04]  [377 -5 40]
 ST 105-1  2.787e+01  [0 1.000e+00 4.555e-01 9.986e-06]  [401 -9 14]
 ST 105-2  2.791e+01  [-44 5.742e-03 2.616e-03 9.854e-06]  [308 0 34]
 ST 105-3s 2.796e+01  [-140 9.814e-08 4.470e-08 1.610e-05]  [502 -8 47]
 ST 106-1  2.811e+01  [0 1.000e+00 5.071e-01 9.878e-06]  [406 -10 14]
 ST 106-2  2.815e+01  [-46 4.520e-03 2.292e-03 9.977e-06]  [306 -10 37]
 ST 106-3s 2.821e+01  [-144 6.089e-08 3.087e-08 2.355e-05]  [493 -6 47]
 ST 107-1  2.835e+01  [0 1.000e+00 9.034e-01 9.905e-06]  [386 -5 14]
 ST 107-2  2.839e+01  [-42 7.259e-03 6.558e-03 9.798e-06]  [334 -4 43]
 ST 107-3s 2.844e+01  [-140 9.734e-08 8.794e-08 9.841e-06]  [442 -6 46]
 ST 108-1  2.863e+01  [0 1.000e+00 1.255e+00 9.854e-06]  [363 -1 10]
 ST 108-2  2.867e+01  [-39 1.023e-02 1.283e-02 9.767e-06]  [336 -5 37]
 ST 108-3s 2.873e+01  [-132 2.503e-07 3.141e-07 9.848e-06]  [445 -7 44]
 ST 109-1  2.887e+01  [0 1.000e+00 1.646e+00 9.917e-06]  [323 -4 12]
 ST 109-2  2.891e+01  [-38 1.242e-02 2.044e-02 9.908e-06]  [297 -10 36]
 ST 109-3s 2.897e+01  [-126 4.993e-07 8.218e-07 9.952e-06]  [516 -1 54]
 ST 110-1  2.911e+01  [0 1.000e+00 2.390e+00 9.946e-06]  [333 -6 13]
 ST 110-2  2.915e+01  [-35 1.683e-02 4.022e-02 9.955e-06]  [294 -8 36]
 ST 110-3s 2.920e+01  [-117 1.261e-06 3.015e-06 9.856e-06]  [476 -2 47]
 ST 111-1  2.938e+01  [0 1.000e+00 2.476e+00 9.835e-06]  [333 -6 11]
 ST 111-2  2.942e+01  [-40 9.797e-03 2.426e-02 9.998e-06]  [304 -10 39]
 ST 111-3s 2.947e+01  [-121 8.723e-07 2.160e-06 9.920e-06]  [429 -6 44]
 ST 112-1  2.965e+01  [0 1.000e+00 2.913e+00 9.905e-06]  [382 -4 11]
 ST 112-2  2.969e+01  [-29 3.492e-02 1.017e-01 9.966e-06]  [275 -4 35]
 ST 112-3s 2.975e+01  [-105 5.312e-06 1.547e-05 9.859e-06]  [402 -10 42]
 ST 113-1  2.994e+01  [0 1.000e+00 1.289e+00 9.883e-06]  [422 -3 10]
 ST 113-2  2.999e+01  [-41 8.171e-03 1.053e-02 9.818e-06]  [294 -8 33]
 ST 113-3s 3.004e+01  [-131 2.529e-07 3.258e-07 9.875e-06]  [514 -1 51]
 ST 114-1  3.020e+01  [0 1.000e+00 1.699e+00 9.845e-06]  [398 -8 13]
 ST 114-2  3.024e+01  [-35 1.732e-02 2.943e-02 9.857e-06]  [341 -7 36]
 ST 114-3s 3.030e+01  [-115 1.597e-06 2.713e-06 9.930e-06]  [437 -7 50]
 ST 115-1  3.047e+01  [0 1.000e+00 1.437e+00 9.787e-06]  [386 -5 13]
 ST 115-2  3.051e+01  [-42 7.132e-03 1.025e-02 9.995e-06]  [306 -10 38]
 ST 115-3s 3.057e+01  [-127 4.020e-07 5.778e-07 9.960e-06]  [434 -7 44]
 ST 116-1  3.076e+01  [0 1.000e+00 1.104e+00 9.915e-06]  [430 -4 12]
 ST 116-2  3.081e+01  [-41 8.467e-03 9.344e-03 9.887e-06]  [306 -10 43]
 ST 116-3s 3.086e+01  [-127 4.060e-07 4.481e-07 9.956e-06]  [443 -9 45]
 ST 117-1  3.102e+01  [0 1.000e+00 1.243e+00 9.942e-06]  [350 -9 11]
 ST 117-2  3.107e+01  [-61 8.707e-04 1.082e-03 9.744e-06]  [397 -7 43]
 ST 117-3s 3.112e+01  [-140 9.114e-08 1.133e-07 9.925e-06]  [458 -10 45]
 ST 118-1  3.129e+01  [0 1.000e+00 7.843e-01 9.851e-06]  [419 -3 13]
 ST 118-2  3.133e+01  [-45 5.245e-03 4.114e-03 9.748e-06]  [301 -10 38]
 ST 118-3s 3.139e+01  [-132 2.249e-07 1.764e-07 9.811e-06]  [496 -6 48]
 ST 119-1  3.157e+01  [0 1.000e+00 4.584e-01 9.926e-06]  [466 -1 16]
 ST 119-2  3.162e+01  [-42 7.622e-03 3.494e-03 9.750e-06]  [302 -11 37]
 ST 119-3s 3.167e+01  [-129 3.238e-07 1.484e-07 9.933e-06]  [438 -7 44]
 ST 120-1  3.186e+01  [0 1.000e+00 4.416e-01 9.854e-06]  [419 -2 11]
 ST 120-2  3.190e+01  [-49 3.207e-03 1.416e-03 9.868e-06]  [341 -6 40]
 ST 120-3s 3.196e+01  [-133 2.188e-07 9.663e-08 9.902e-06]  [479 -2 47]
 ST 121-1  3.212e+01  [0 1.000e+00 4.885e-01 9.764e-06]  [418 -2 13]
 ST 121-2  3.216e+01  [-49 3.189e-03 1.558e-03 9.825e-06]  [329 -4 37]
 ST 121-3s 3.222e+01  [-137 1.260e-07 6.156e-08 1.172e-05]  [542 -6 51]
 ST 122-1  3.241e+01  [0 1.000e+00 9.862e-01 9.997e-06]  [388 -6 12]
 ST 122-2  3.246e+01  [-43 6.862e-03 6.768e-03 9.893e-06]  [342 -8 38]
 ST 122-3s 3.252e+01  [-126 4.953e-07 4.885e-07 9.934e-06]  [505 -9 48]
 ST 123-1  3.268e+01  [0 1.000e+00 1.571e+00 9.860e-06]  [400 -9 14]
 ST 123-2  3.273e+01  [-41 8.076e-03 1.269e-02 9.939e-06]  [336 -5 38]
 ST 123-3s 3.278e+01  [-121 8.276e-07 1.300e-06 9.986e-06]  [448 -9 46]
 ST 124-1  3.293e+01  [0 1.000e+00 1.325e+00 9.912e-06]  [315 -1 10]
 ST 124-2  3.298e+01  [-58 1.227e-03 1.627e-03 9.964e-06]  [366 -2 43]
 ST 124-3s 3.303e+01  [-135 1.595e-07 2.114e-07 9.927e-06]  [484 -4 49]
 ST 125-1  3.320e+01  [0 1.000e+00 9.452e-01 9.994e-06]  [407 -10 13]
 ST 125-2  3.324e+01  [-50 3.155e-03 2.983e-03 9.815e-06]  [333 -5 39]
 ST 125-3s 3.329e+01  [-128 3.724e-07 3.520e-07 1.000e-05]  [434 -6 43]
 ST 126-1  3.345e+01  [0 1.000e+00 6.418e-01 9.904e-06]  [441 -7 14]
 ST 126-2  3.350e+01  [-40 9.009e-03 5.782e-03 9.877e-06]  [333 -5 37]
 ST 126-3s 3.355e+01  [-120 8.955e-07 5.747e-07 9.984e-06]  [445 -8 45]
 ST 127-1  3.371e+01  [0 1.000e+00 3.066e-01 9.968e-06]  [416 -2 15]
 ST 127-2  3.375e+01  [-57 1.294e-03 3.966e-04 9.950e-06]  [362 -1 41]
 ST 127-3s 3.380e+01  [-138 1.196e-07 3.665e-08 1.975e-05]  [453 -9 52]
 ST 128-1  3.403e+01  [0 1.000e+00 3.640e-01 9.960e-06]  [415 -1 9]
 ST 128-2  3.408e+01  [-68 3.874e-04 1.410e-04 9.897e-06]  [439 -6 45]
 ST 128-3s 3.412e+01  [-150 2.849e-08 1.037e-08 6.971e-05]  [388 -5 41]
 ST 129-1  3.429e+01  [0 1.000e+00 5.750e-01 9.828e-06]  [422 -3 13]
 ST 129-2  3.434e+01  [-53 2.110e-03 1.213e-03 9.868e-06]  [395 -7 48]
 ST 129-3s 3.439e+01  [-135 1.620e-07 9.315e-08 9.931e-06]  [479 -2 52]
 ST 130-1  3.453e+01  [0 1.000e+00 9.148e-01 9.794e-06]  [438 -7 17]
 ST 130-2  3.458e+01  [-42 7.797e-03 7.133e-03 9.997e-06]  [377 -4 47]
 ST 130-3s 3.463e+01  [-121 8.060e-07 7.373e-07 9.913e-06]  [429 -6 49]
 ST 131-1  3.478e+01  [0 1.000e+00 1.123e+00 9.952e-06]  [419 -2 14]
 ST 131-2  3.483e+01  [-50 3.107e-03 3.490e-03 9.799e-06]  [398 -8 44]
 ST 131-3s 3.488e+01  [-128 3.981e-07 4.471e-07 9.860e-06]  [444 -8 45]
 ST 132-1  3.508e+01  [0 1.000e+00 9.418e-01 9.943e-06]  [351 -9 9]
 ST 132-2  3.513e+01  [-67 4.466e-04 4.206e-04 9.888e-06]  [420 -2 45]
 ST 132-3s 3.519e+01  [-142 7.765e-08 7.313e-08 9.861e-06]  [519 -1 47]
 ST 133-1  3.536e+01  [0 1.000e+00 7.482e-01 9.901e-06]  [402 -9 13]
 ST 133-2  3.540e+01  [-70 3.078e-04 2.303e-04 9.809e-06]  [433 -5 43]
 ST 133-3s 3.546e+01  [-142 7.797e-08 5.834e-08 1.236e-05]  [509 -8 47]
 ST 134-1  3.564e+01  [0 1.000e+00 6.388e-01 9.888e-06]  [455 -9 13]
 ST 134-2  3.569e+01  [-53 2.185e-03 1.396e-03 9.958e-06]  [383 -4 42]
 ST 134-3s 3.574e+01  [-130 2.924e-07 1.868e-07 9.736e-06]  [494 -6 45]
 ST 135-1  3.591e+01  [0 1.000e+00 5.102e-01 9.972e-06]  [502 -8 15]
 ST 135-2  3.596e+01  [-40 9.273e-03 4.731e-03 9.980e-06]  [357 -10 41]
 ST 135-3s 3.601e+01  [-119 1.033e-06 5.270e-07 9.967e-06]  [423 -3 42]
 ST 136-1  3.620e+01  [0 1.000e+00 3.275e-01 9.894e-06]  [503 -8 16]
 ST 136-2  3.624e+01  [-44 6.046e-03 1.980e-03 9.935e-06]  [377 -3 45]
 ST 136-3s 3.629e+01  [-124 5.869e-07 1.922e-07 9.868e-06]  [435 -7 49]
 ST 137-1  3.648e+01  [0 1.000e+00 2.411e-01 9.947e-06]  [502 -8 15]
 ST 137-2  3.652e+01  [-47 4.345e-03 1.048e-03 9.954e-06]  [366 -1 43]
 ST 137-3s 3.658e+01  [-129 3.418e-07 8.242e-08 9.993e-06]  [488 -4 55]
 ST 138-1  3.675e+01  [0 1.000e+00 2.245e-01 9.786e-06]  [510 -9 16]
 ST 138-2  3.680e+01  [-45 5.070e-03 1.138e-03 9.895e-06]  [339 -6 43]
 ST 138-3s 3.685e+01  [-129 3.241e-07 7.277e-08 9.897e-06]  [480 -2 46]
 ST 139-1  3.703e+01  [0 1.000e+00 1.498e-01 9.885e-06]  [503 -8 14]
 ST 139-2  3.708e+01  [-53 2.172e-03 3.254e-04 9.993e-06]  [413 -1 46]
 ST 139-3s 3.713e+01  [-137 1.368e-07 2.050e-08 3.469e-05]  [406 -9 43]
 ST 140-1  3.731e+01  [0 1.000e+00 4.977e-02 9.969e-06]  [532 -4 18]
 ST 140-2  3.736e+01  [-66 4.571e-04 2.275e-05 9.926e-06]  [468 -1 46]
 ST 140-3s 3.741e+01  [-145 5.255e-08 2.616e-09 2.735e-04]  [335 -6 44]
 ST 141-1  3.756e+01  [0 1.000e+00 8.919e-02 9.834e-06]  [509 -9 19]
 ST 141-2  3.761e+01  [-61 8.457e-04 7.543e-05 9.885e-06]  [453 -8 43]
 ST 141-3s 3.766e+01  [-147 4.413e-08 3.937e-09 1.825e-04]  [331 -6 36]
 ST 142-1  3.782e+01  [0 1.000e+00 1.888e-01 9.964e-06]  [499 -7 15]
 ST 142-2  3.787e+01  [-51 2.651e-03 5.005e-04 9.891e-06]  [429 -3 44]
 ST 142-3s 3.792e+01  [-136 1.445e-07 2.728e-08 2.669e-05]  [470 -1 42]
 ST 143-1  3.809e+01  [0 1.000e+00 2.520e-01 9.994e-06]  [486 -5 15]
 ST 143-2  3.814e+01  [-50 3.120e-03 7.862e-04 9.978e-06]  [423 -2 45]
 ST 143-3s 3.820e+01  [-133 2.127e-07 5.359e-08 1.335e-05]  [481 -3 46]
 ST 144-1  3.838e+01  [0 1.000e+00 2.397e-01 9.966e-06]  [474 -3 15]
 ST 144-2  3.843e+01  [-56 1.413e-03 3.388e-04 9.971e-06]  [444 -6 49]
 ST 144-3s 3.848e+01  [-138 1.165e-07 2.794e-08 2.591e-05]  [417 -2 44]
 ST 145-1  3.865e+01  [0 1.000e+00 2.265e-01 9.921e-06]  [478 -3 16]
 ST 145-2  3.870e+01  [-58 1.250e-03 2.832e-04 9.855e-06]  [439 -6 48]
 ST 145-3s 3.875e+01  [-139 1.119e-07 2.536e-08 2.865e-05]  [407 -9 47]
 ST 146-1  3.892e+01  [0 1.000e+00 2.478e-01 9.884e-06]  [473 -2 14]
 ST 146-2  3.897e+01  [-57 1.411e-03 3.498e-04 9.908e-06]  [441 -6 44]
 ST 146-3s 3.902e+01  [-137 1.408e-07 3.490e-08 2.078e-05]  [407 -9 44]
 ST 147-1  3.922e+01  [0 1.000e+00 2.714e-01 9.850e-06]  [456 -9 13]
 ST 147-2  3.927e+01  [-61 8.442e-04 2.291e-04 9.930e-06]  [449 -8 47]
 ST 147-3s 3.932e+01  [-140 9.814e-08 2.663e-08 2.692e-05]  [414 -1 41]
 ST 148-1  3.949e+01  [0 1.000e+00 2.524e-01 9.843e-06]  [451 -7 15]
 ST 148-2  3.955e+01  [-65 5.057e-04 1.277e-04 9.920e-06]  [477 -2 48]
 ST 148-3s 3.960e+01  [-143 6.839e-08 1.726e-08 4.202e-05]  [414 -1 42]
 ST 149-1  3.978e+01  [0 1.000e+00 2.522e-01 9.967e-06]  [449 -7 15]
 ST 149-2  3.983e+01  [-68 3.655e-04 9.217e-05 9.917e-06]  [496 -6 49]
 ST 149-3s 3.988e+01  [-144 5.879e-08 1.483e-08 4.895e-05]  [438 -6 48]
 ST 150-1  4.010e+01  [0 1.000e+00 2.420e-01 9.953e-06]  [443 -6 10]
 ST 150-2  4.016e+01  [-73 2.057e-04 4.978e-05 9.909e-06]  [507 -8 48]
 ST 150-3s 4.021e+01  [-145 5.173e-08 1.252e-08 5.724e-05]  [437 -5 44]
 ST 151-1  4.039e+01  [0 1.000e+00 2.219e-01 9.948e-06]  [472 -2 17]
 ST 151-2  4.045e+01  [-75 1.639e-04 3.637e-05 9.839e-06]  [509 -8 48]
 ST 151-3s 4.050e+01  [-145 5.413e-08 1.201e-08 5.970e-05]  [430 -3 47]
 ST 152-1  4.065e+01  [0 1.000e+00 1.924e-01 9.928e-06]  [490 -6 18]
 ST 152-2  4.070e+01  [-71 2.550e-04 4.908e-05 9.813e-06]  [493 -5 51]
 ST 152-3s 4.075e+01  [-143 6.472e-08 1.245e-08 5.795e-05]  [439 -5 46]
 ST 153-1  4.093e+01  [0 1.000e+00 1.679e-01 9.973e-06]  [494 -6 13]
 ST 153-2  4.099e+01  [-71 2.764e-04 4.641e-05 9.879e-06]  [490 -5 48]
 ST 153-3s 4.104e+01  [-143 6.562e-08 1.102e-08 6.501e-05]  [431 -3 51]
 ST 154-1  4.122e+01  [0 1.000e+00 1.528e-01 9.795e-06]  [490 -6 15]
 ST 154-2  4.127e+01  [-72 2.262e-04 3.456e-05 9.910e-06]  [489 -5 47]
 ST 154-3s 4.132e+01  [-144 5.851e-08 8.940e-09 8.102e-05]  [410 0 43]
 ST 155-1  4.148e+01  [0 1.000e+00 1.456e-01 9.852e-06]  [492 -6 15]
 ST 155-2  4.153e+01  [-72 2.280e-04 3.319e-05 9.884e-06]  [487 -4 47]
 ST 155-3s 4.159e+01  [-145 5.410e-08 7.876e-09 9.247e-05]  [398 -7 44]
 ST 156-1  4.174e+01  [0 1.000e+00 1.298e-01 9.859e-06]  [499 -7 18]
 ST 156-2  4.179e+01  [-71 2.595e-04 3.368e-05 9.879e-06]  [487 -4 51]
 ST 156-3s 4.184e+01  [-145 5.352e-08 6.948e-09 1.044e-04]  [400 -8 46]
 ST 157-1  4.204e+01  [0 1.000e+00 1.178e-01 9.987e-06]  [502 -8 14]
 ST 157-2  4.209e+01  [-72 2.373e-04 2.796e-05 9.854e-06]  [496 -6 50]
 ST 157-3s 4.214e+01  [-145 5.028e-08 5.924e-09 1.212e-04]  [393 -6 45]
 ST 158-1  4.237e+01  [0 1.000e+00 1.098e-01 9.887e-06]  [507 -8 12]
 ST 158-2  4.243e+01  [-73 2.149e-04 2.359e-05 9.923e-06]  [503 -7 48]
 ST 158-3s 4.247e+01  [-146 4.718e-08 5.180e-09 1.397e-04]  [384 -5 41]
 ST 159-1  4.267e+01  [0 1.000e+00 1.028e-01 9.892e-06]  [509 -8 14]
 ST 159-2  4.272e+01  [-74 1.920e-04 1.973e-05 9.987e-06]  [508 -8 51]
 ST 159-3s 4.277e+01  [-147 4.349e-08 4.469e-09 1.608e-04]  [375 -3 40]
 ST 160-1  4.294e+01  [0 1.000e+00 9.574e-02 9.961e-06]  [512 0 17]
 ST 160-2  4.299e+01  [-74 1.934e-04 1.851e-05 9.917e-06]  [506 -8 50]
 ST 160-3s 4.304e+01  [-147 4.175e-08 3.997e-09 1.796e-04]  [372 -2 40]
 ST 161-1  4.321e+01  [0 1.000e+00 9.010e-02 9.987e-06]  [504 -8 15]
 ST 161-2  4.327e+01  [-76 1.559e-04 1.405e-05 9.980e-06]  [514 -1 52]
 ST 161-3s 4.331e+01  [-148 3.757e-08 3.385e-09 2.121e-04]  [359 0 41]
 ST 162-1  4.347e+01  [0 1.000e+00 8.652e-02 9.936e-06]  [496 -6 16]
 ST 162-2  4.352e+01  [-78 1.223e-04 1.058e-05 9.944e-06]  [520 -2 51]
 ST 162-3s 4.357e+01  [-149 3.432e-08 2.969e-09 2.453e-04]  [348 -7 38]
 ST 163-1  4.378e+01  [0 1.000e+00 8.747e-02 9.883e-06]  [484 -4 12]
 ST 163-2  4.383e+01  [-79 1.006e-04 8.798e-06 9.890e-06]  [526 -3 50]
 ST 163-3s 4.388e+01  [-150 3.117e-08 2.726e-09 2.639e-04]  [343 -6 41]
 ST 164-1  4.406e+01  [0 1.000e+00 8.577e-02 9.966e-06]  [459 -9 15]
 ST 164-2  4.412e+01  [-80 9.661e-05 8.286e-06 9.800e-06]  [526 -3 54]
 ST 164-3s 4.417e+01  [-150 3.053e-08 2.619e-09 2.751e-04]  [342 -6 41]
 ST 165-1  4.435e+01  [0 1.000e+00 8.977e-02 9.985e-06]  [451 -8 15]
 ST 165-2  4.441e+01  [-77 1.298e-04 1.166e-05 9.921e-06]  [513 0 52]
 ST 165-3s 4.446e+01  [-150 3.151e-08 2.828e-09 2.545e-04]  [350 -7 45]
 ST 166-1  4.463e+01  [0 1.000e+00 9.419e-02 9.941e-06]  [430 -3 15]
 ST 166-2  4.468e+01  [-73 2.067e-04 1.947e-05 9.925e-06]  [509 -8 52]
 ST 166-3s 4.473e+01  [-149 3.464e-08 3.263e-09 2.199e-04]  [374 -2 40]
 ST 167-1  4.489e+01  [0 1.000e+00 1.022e-01 9.975e-06]  [433 -4 13]
 ST 167-2  4.495e+01  [-70 2.958e-04 3.023e-05 9.936e-06]  [516 -1 48]
 ST 167-3s 4.500e+01  [-147 4.264e-08 4.357e-09 1.641e-04]  [393 -6 42]
 ST 168-1  4.516e+01  [0 1.000e+00 1.073e-01 9.873e-06]  [443 -6 15]
 ST 168-2  4.521e+01  [-70 3.022e-04 3.243e-05 9.983e-06]  [519 -1 50]
 ST 168-3s 4.526e+01  [-146 4.679e-08 5.021e-09 1.440e-04]  [400 -7 40]
 ST 169-1  4.545e+01  [0 1.000e+00 1.107e-01 9.996e-06]  [447 -6 13]
 ST 169-2  4.550e+01  [-71 2.753e-04 3.049e-05 9.942e-06]  [524 -2 48]
 ST 169-3s 4.555e+01  [-146 4.771e-08 5.283e-09 1.368e-04]  [403 -8 45]
 ST 170-1  4.572e+01  [0 1.000e+00 1.120e-01 9.851e-06]  [446 -6 14]
 ST 170-2  4.577e+01  [-71 2.800e-04 3.136e-05 9.960e-06]  [523 -2 48]
 ST 170-3s 4.583e+01  [-146 5.003e-08 5.603e-09 1.278e-04]  [408 -8 49]
 ST 171-1  4.600e+01  [0 1.000e+00 1.169e-01 9.859e-06]  [446 -6 15]
 ST 171-2  4.605e+01  [-70 2.994e-04 3.500e-05 9.891e-06]  [519 -1 51]
 ST 171-3s 4.610e+01  [-145 5.341e-08 6.244e-09 1.159e-04]  [417 -1 40]
 ST 172-1  4.628e+01  [0 1.000e+00 1.206e-01 9.996e-06]  [444 -6 16]
 ST 172-2  4.634e+01  [-70 3.021e-04 3.642e-05 9.934e-06]  [515 0 51]
 ST 172-3s 4.639e+01  [-144 5.635e-08 6.793e-09 1.064e-04]  [422 -2 43]
 ST 173-1  4.657e+01  [0 1.000e+00 1.246e-01 9.993e-06]  [441 -5 16]
 ST 173-2  4.662e+01  [-70 3.032e-04 3.776e-05 9.960e-06]  [505 -8 53]
 ST 173-3s 4.667e+01  [-144 5.859e-08 7.298e-09 9.919e-05]  [427 -3 45]
 ST 174-1  4.685e+01  [0 1.000e+00 1.278e-01 9.819e-06]  [439 -5 14]
 ST 174-2  4.690e+01  [-70 3.071e-04 3.925e-05 9.930e-06]  [494 -6 50]
 ST 174-3s 4.696e+01  [-144 6.160e-08 7.873e-09 9.186e-05]  [433 -4 42]
 ST 175-1  4.712e+01  [0 1.000e+00 1.323e-01 9.944e-06]  [436 -4 14]
 ST 175-2  4.718e+01  [-70 3.150e-04 4.168e-05 9.909e-06]  [488 -5 53]
 ST 175-3s 4.723e+01  [-143 6.491e-08 8.589e-09 8.400e-05]  [439 -5 44]
 ST 176-1  4.738e+01  [0 1.000e+00 1.360e-01 9.816e-06]  [436 -4 16]
 ST 176-2  4.744e+01  [-69 3.164e-04 4.304e-05 9.921e-06]  [484 -4 46]
 ST 176-3s 4.749e+01  [-143 6.858e-08 9.329e-09 7.685e-05]  [443 -5 49]
 ST 177-1  4.765e+01  [0 1.000e+00 1.405e-01 9.904e-06]  [436 -4 14]
 ST 177-2  4.771e+01  [-69 3.223e-04 4.527e-05 9.821e-06]  [483 -4 49]
 ST 177-3s 4.776e+01  [-142 7.264e-08 1.020e-08 7.098e-05]  [446 -6 44]
 ST 178-1  4.792e+01  [0 1.000e+00 1.443e-01 9.882e-06]  [439 -5 14]
 ST 178-2  4.797e+01  [-69 3.228e-04 4.658e-05 9.817e-06]  [484 -4 47]
 ST 178-3s 4.802e+01  [-142 7.724e-08 1.115e-08 6.437e-05]  [449 -6 43]
 ST 179-1  4.818e+01  [0 1.000e+00 1.489e-01 9.959e-06]  [441 -5 16]
 ST 179-2  4.824e+01  [-69 3.273e-04 4.874e-05 9.867e-06]  [485 -5 48]
 ST 179-3s 4.829e+01  [-141 8.196e-08 1.220e-08 5.965e-05]  [452 -7 47]
 ST 180-1  4.847e+01  [0 1.000e+00 1.527e-01 9.902e-06]  [446 -6 15]
 ST 180-2  4.852e+01  [-69 3.268e-04 4.989e-05 9.872e-06]  [486 -5 47]
 ST 180-3s 4.858e+01  [-141 8.702e-08 1.329e-08 5.402e-05]  [454 -7 46]
 ST 181-1  4.875e+01  [0 1.000e+00 1.572e-01 9.822e-06]  [449 -7 13]
 ST 181-2  4.880e+01  [-69 3.282e-04 5.160e-05 9.914e-06]  [486 -5 50]
 ST 181-3s 4.886e+01  [-140 9.166e-08 1.441e-08 4.980e-05]  [457 -8 43]
 ST 182-1  4.903e+01  [0 1.000e+00 1.608e-01 9.999e-06]  [454 -8 15]
 ST 182-2  4.908e+01  [-69 3.256e-04 5.237e-05 9.909e-06]  [487 -5 50]
 ST 182-3s 4.914e+01  [-140 9.655e-08 1.553e-08 4.660e-05]  [457 -8 46]
 ST 183-1  4.931e+01  [0 1.000e+00 1.652e-01 9.847e-06]  [458 -8 15]
 ST 183-2  4.937e+01  [-69 3.245e-04 5.360e-05 9.968e-06]  [486 -5 45]
 ST 183-3s 4.942e+01  [-139 1.009e-07 1.667e-08 4.328e-05]  [459 -8 45]
 ST 184-1  4.960e+01  [0 1.000e+00 1.685e-01 9.858e-06]  [464 -1 14]
 ST 184-2  4.966e+01  [-69 3.179e-04 5.357e-05 9.878e-06]  [489 -5 48]
 ST 184-3s 4.971e+01  [-139 1.058e-07 1.783e-08 4.026e-05]  [457 -8 49]
 ST 185-1  4.988e+01  [0 1.000e+00 1.722e-01 9.855e-06]  [466 -1 15]
 ST 185-2  4.993e+01  [-70 3.117e-04 5.367e-05 9.916e-06]  [491 -6 48]
 ST 185-3s 4.998e+01  [-139 1.103e-07 1.899e-08 3.777e-05]  [457 -8 45]
 ST 186-1  5.015e+01  [0 1.000e+00 1.748e-01 9.933e-06]  [468 -1 15]
 ST 186-2  5.021e+01  [-70 3.010e-04 5.261e-05 9.900e-06]  [497 -7 50]
 ST 186-3s 5.026e+01  [-138 1.149e-07 2.008e-08 3.600e-05]  [455 -8 45]
 ST 187-1  5.042e+01  [0 1.000e+00 1.777e-01 9.990e-06]  [468 -1 15]
 ST 187-2  5.048e+01  [-70 2.900e-04 5.152e-05 9.913e-06]  [505 -8 48]
 ST 187-3s 5.053e+01  [-138 1.186e-07 2.106e-08 3.448e-05]  [454 -7 45]
 ST 188-1  5.077e+01  [0 1.000e+00 1.794e-01 9.969e-06]  [468 -1 11]
 ST 188-2  5.082e+01  [-71 2.790e-04 5.005e-05 9.907e-06]  [518 -1 49]
 ST 188-3s 5.087e+01  [-138 1.225e-07 2.197e-08 3.313e-05]  [455 -8 46]
 ST 189-1  5.104e+01  [0 1.000e+00 1.811e-01 9.873e-06]  [470 -1 15]
 ST 189-2  5.109e+01  [-71 2.522e-04 4.567e-05 9.945e-06]  [534 -3 50]
 ST 189-3s 5.115e+01  [-138 1.228e-07 2.223e-08 3.259e-05]  [454 -7 46]
 ST 190-1  5.132e+01  [0 1.000e+00 1.804e-01 9.956e-06]  [469 -1 16]
 ST 190-2  5.138e+01  [-72 2.265e-04 4.085e-05 9.857e-06]  [545 -6 50]
 ST 190-3s 5.143e+01  [-138 1.211e-07 2.185e-08 3.335e-05]  [451 -7 48]
 ST 191-1  5.161e+01  [0 1.000e+00 1.792e-01 9.867e-06]  [467 -1 13]
 ST 191-2  5.167e+01  [-73 2.060e-04 3.691e-05 9.962e-06]  [550 -7 54]
 ST 191-3s 5.173e+01  [-138 1.187e-07 2.128e-08 3.385e-05]  [450 -7 43]
 ST 192-1  5.190e+01  [0 1.000e+00 1.777e-01 9.907e-06]  [462 0 14]
 ST 192-2  5.196e+01  [-74 1.828e-04 3.249e-05 9.877e-06]  [552 -7 51]
 ST 192-3s 5.201e+01  [-138 1.126e-07 2.001e-08 3.607e-05]  [445 -6 44]
 ST 193-1  5.217e+01  [0 1.000e+00 1.742e-01 9.903e-06]  [456 -8 15]
 ST 193-2  5.223e+01  [-75 1.639e-04 2.855e-05 9.979e-06]  [540 -5 54]
 ST 193-3s 5.228e+01  [-139 1.025e-07 1.785e-08 4.024e-05]  [440 -5 44]
 ST 194-1  5.248e+01  [0 1.000e+00 1.692e-01 9.897e-06]  [455 -8 13]
 ST 194-2  5.253e+01  [-76 1.572e-04 2.660e-05 9.904e-06]  [528 -3 47]
 ST 194-3s 5.259e+01  [-140 8.933e-08 1.512e-08 4.763e-05]  [431 -3 42]
 ST 195-1  5.281e+01  [0 1.000e+00 1.630e-01 9.988e-06]  [457 -8 10]
 ST 195-2  5.287e+01  [-75 1.685e-04 2.747e-05 9.846e-06]  [520 -2 51]
 ST 195-3s 5.291e+01  [-142 7.685e-08 1.253e-08 5.744e-05]  [428 -3 45]
 ST 196-1  5.308e+01  [0 1.000e+00 1.552e-01 9.893e-06]  [464 -1 15]
 ST 196-2  5.314e+01  [-73 2.018e-04 3.132e-05 9.806e-06]  [510 -9 48]
 ST 196-3s 5.319e+01  [-142 7.184e-08 1.115e-08 6.511e-05]  [426 -2 42]
 ST 197-1  5.338e+01  [0 1.000e+00 1.464e-01 9.848e-06]  [471 -2 14]
 ST 197-2  5.343e+01  [-71 2.554e-04 3.740e-05 9.977e-06]  [510 -9 48]
 ST 197-3s 5.349e+01  [-141 8.172e-08 1.196e-08 6.036e-05]  [433 -4 45]
 ST 198-1  5.365e+01  [0 1.000e+00 1.362e-01 9.930e-06]  [475 -3 14]
 ST 198-2  5.371e+01  [-69 3.195e-04 4.352e-05 9.868e-06]  [522 -2 53]
 ST 198-3s 5.376e+01  [-139 1.034e-07 1.409e-08 5.156e-05]  [444 -5 46]
 ST 199-1  5.396e+01  [0 1.000e+00 1.309e-01 9.994e-06]  [522 -2 15]
 ST 199-2  5.402e+01  [-58 1.142e-03 1.495e-04 9.860e-06]  [510 -8 53]
 ST 199-3s 5.407e+01  [-131 2.603e-07 3.407e-08 2.129e-05]  [510 -8 48]
 ST 200-1  5.426e+01  [0 1.000e+00 1.415e+00 9.858e-06]  [560 -8 18]
 ST 200-2  5.430e+01  [-26 4.942e-02 6.991e-02 9.971e-06]  [304 -8 38]
 ST 200-3s 5.441e+01  [-121 8.773e-07 1.241e-06 9.975e-06]  [641 -5 31]
