---------------------------------------------------------------------
 Eq     N-i     T       dB  Ri/R1   Ri/R0    R/Ri     lsIt   dB  %t
---------------------------------------------------------------------
 ST 1-1  1.934e+01  [0 1.000e+00 1.000e+00 9.994e-06]  [11398 0 98]
 ST 1-2  2.778e+01  [-3 6.465e-01 6.465e-01 9.997e-06]  [4715 0 95]
 ST 1-3  5.562e+01  [-91 2.770e-05 2.770e-05 1.000e-05]  [16190 0 98]
 ST 1-4s 6.510e+01  [-137 1.280e-07 1.280e-07 1.428e-05]  [7373 0 96]
 ST 2-1  8.001e+01  [0 1.000e+00 4.228e+00 9.997e-06]  [7189 0 83]
 ST 2-2  9.265e+01  [-17 1.409e-01 5.955e-01 9.996e-06]  [7207 0 97]
 ST 2-3  1.142e+02  [-81 8.304e-05 3.511e-04 9.995e-06]  [11993 0 98]
 ST 2-4s 1.274e+02  [-120 9.232e-07 3.903e-06 9.997e-06]  [9332 0 97]
 ST 3-1  1.385e+02  [0 1.000e+00 1.863e+01 9.996e-06]  [6253 0 83]
 ST 3-2  1.537e+02  [-41 8.078e-03 1.505e-01 9.998e-06]  [8938 0 97]
 ST 3-3  1.703e+02  [-80 9.398e-05 1.751e-03 9.994e-06]  [9615 0 97]
 ST 3-4s 1.864e+02  [-116 1.490e-06 2.775e-05 9.999e-06]  [9211 0 97]
 ST 4-1  1.935e+02  [0 1.000e+00 2.167e+01 9.995e-06]  [3894 0 68]
 ST 4-2  2.032e+02  [-45 5.397e-03 1.169e-01 9.996e-06]  [6743 0 96]
 ST 4-3  2.166e+02  [-86 4.673e-05 1.012e-03 9.991e-06]  [7823 0 97]
 ST 4-4s 2.290e+02  [-122 7.409e-07 1.605e-05 9.998e-06]  [7191 0 97]
 ST 5-1  2.425e+02  [0 1.000e+00 1.450e+01 9.997e-06]  [6403 0 83]
 ST 5-2  2.506e+02  [-23 6.570e-02 9.525e-01 9.990e-06]  [4694 0 95]
 ST 5-3  2.665e+02  [-81 8.124e-05 1.178e-03 1.000e-05]  [11639 0 97]
 ST 5-4s 2.797e+02  [-128 3.861e-07 5.598e-06 9.998e-06]  [7664 0 97]
 ST 6-1  2.972e+02  [0 1.000e+00 5.783e+00 9.998e-06]  [9004 0 87]
 ST 6-2  3.068e+02  [-20 9.938e-02 5.747e-01 9.999e-06]  [5398 0 96]
 ST 6-3  3.213e+02  [-81 7.955e-05 4.600e-04 9.995e-06]  [8540 0 97]
 ST 6-4s 3.352e+02  [-141 8.402e-08 4.859e-07 9.996e-06]  [11087 0 97]
 ST 7-1  3.546e+02  [0 1.000e+00 2.477e+00 9.997e-06]  [10145 0 89]
 ST 7-2  3.640e+02  [-36 1.524e-02 3.776e-02 9.993e-06]  [5227 0 95]
 ST 7-3s 3.850e+02  [-107 4.432e-06 1.098e-05 9.998e-06]  [12282 0 98]
 ST 8-1  3.947e+02  [0 1.000e+00 1.774e+00 9.997e-06]  [7637 0 77]
 ST 8-2  4.034e+02  [-22 7.809e-02 1.386e-01 9.995e-06]  [4977 0 95]
 ST 8-3  4.224e+02  [-86 4.726e-05 8.386e-05 9.995e-06]  [11213 0 98]
 ST 8-4s 4.422e+02  [-141 8.142e-08 1.445e-07 1.265e-05]  [11189 0 98]
 ST 9-1  4.572e+02  [0 1.000e+00 2.106e+00 1.000e-05]  [8505 0 85]
 ST 9-2  4.689e+02  [-40 9.708e-03 2.045e-02 9.998e-06]  [8097 0 97]
 ST 9-3s 4.881e+02  [-106 4.890e-06 1.030e-05 9.995e-06]  [10615 0 98]
 ST 10-1  5.058e+02  [0 1.000e+00 2.269e+00 9.998e-06]  [9104 0 87]
 ST 10-2  5.166e+02  [-30 3.071e-02 6.969e-02 9.999e-06]  [6137 0 96]
 ST 10-3s 5.345e+02  [-106 4.942e-06 1.122e-05 9.993e-06]  [12851 0 98]
 ST 11-1  5.550e+02  [0 1.000e+00 8.084e-01 9.998e-06]  [10596 0 90]
 ST 11-2  5.698e+02  [-35 1.610e-02 1.302e-02 9.994e-06]  [8243 0 97]
 ST 11-3s 5.920e+02  [-117 1.408e-06 1.139e-06 9.997e-06]  [14044 0 98]
 ST 12-1  6.138e+02  [0 1.000e+00 6.362e-01 9.997e-06]  [11968 0 91]
 ST 12-2  6.221e+02  [-28 3.568e-02 2.270e-02 9.996e-06]  [4550 0 95]
 ST 12-3s 6.455e+02  [-104 5.639e-06 3.587e-06 9.999e-06]  [13190 0 98]
 ST 13-1  6.606e+02  [0 1.000e+00 5.501e-01 9.997e-06]  [10220 0 85]
 ST 13-2  6.728e+02  [-38 1.139e-02 6.266e-03 1.000e-05]  [6966 0 97]
 ST 13-3s 6.958e+02  [-116 1.489e-06 8.193e-07 9.999e-06]  [13308 0 98]
 ST 14-1  7.076e+02  [0 1.000e+00 7.536e-01 9.998e-06]  [5351 0 81]
 ST 14-2  7.201e+02  [-40 9.490e-03 7.151e-03 9.996e-06]  [6963 0 97]
 ST 14-3s 7.415e+02  [-116 1.545e-06 1.164e-06 1.000e-05]  [15021 0 98]
 ST 15-1  7.644e+02  [0 1.000e+00 2.866e-01 9.998e-06]  [11541 0 90]
 ST 15-2  7.731e+02  [-42 7.689e-03 2.204e-03 1.000e-05]  [4598 0 95]
 ST 15-3s 7.931e+02  [-121 8.256e-07 2.366e-07 9.995e-06]  [13388 0 98]
 ST 16-1  8.163e+02  [0 1.000e+00 3.494e-01 9.998e-06]  [12315 0 90]
 ST 16-2  8.311e+02  [-48 3.594e-03 1.256e-03 9.999e-06]  [8068 0 97]
 ST 16-3s 8.541e+02  [-123 6.841e-07 2.390e-07 9.997e-06]  [12911 0 98]
 ST 17-1  8.743e+02  [0 1.000e+00 2.775e-01 9.999e-06]  [11861 0 90]
 ST 17-2  8.878e+02  [-37 1.282e-02 3.557e-03 9.999e-06]  [7580 0 97]
 ST 17-3s 9.141e+02  [-122 7.459e-07 2.070e-07 9.997e-06]  [14649 0 98]
 ST 18-1  9.295e+02  [0 1.000e+00 2.580e-01 9.998e-06]  [11582 0 86]
 ST 18-2  9.462e+02  [-52 2.463e-03 6.354e-04 9.994e-06]  [9397 0 97]
 ST 18-3s 9.682e+02  [-131 2.647e-07 6.829e-08 2.676e-05]  [12332 0 98]
 ST 19-1  9.889e+02  [0 1.000e+00 1.697e-01 9.999e-06]  [11728 0 89]
 ST 19-2  9.987e+02  [-50 3.019e-03 5.124e-04 9.998e-06]  [8565 0 96]
 ST 19-3s 1.020e+03  [-128 3.869e-07 6.567e-08 2.782e-05]  [12028 0 98]
 ST 20-1  1.042e+03  [0 1.000e+00 2.404e-01 9.996e-06]  [11898 0 90]
 ST 20-2  1.057e+03  [-51 2.752e-03 6.615e-04 1.000e-05]  [9510 0 97]
 ST 20-3s 1.074e+03  [-134 1.903e-07 4.575e-08 3.993e-05]  [11777 0 98]
 ST 21-1  1.095e+03  [0 1.000e+00 2.090e-01 9.999e-06]  [11012 0 90]
 ST 21-2  1.112e+03  [-50 2.979e-03 6.225e-04 9.998e-06]  [9535 0 98]
 ST 21-3s 1.127e+03  [-136 1.530e-07 3.198e-08 5.714e-05]  [11717 0 97]
 ST 22-1  1.151e+03  [0 1.000e+00 1.658e-01 9.997e-06]  [12357 0 91]
 ST 22-2  1.170e+03  [-58 1.220e-03 2.023e-04 9.995e-06]  [10171 0 98]
 ST 22-3s 1.188e+03  [-139 1.011e-07 1.676e-08 1.091e-04]  [10095 0 98]
 ST 23-1  1.203e+03  [0 1.000e+00 1.540e-01 9.996e-06]  [9264 0 86]
 ST 23-2  1.225e+03  [-65 5.158e-04 7.942e-05 9.995e-06]  [11651 0 98]
 ST 23-3s 1.243e+03  [-143 6.522e-08 1.004e-08 1.820e-04]  [9930 0 98]
 ST 24-1  1.260e+03  [0 1.000e+00 1.424e-01 9.997e-06]  [11282 0 86]
 ST 24-2  1.274e+03  [-51 2.558e-03 3.643e-04 9.997e-06]  [8152 0 98]
 ST 24-3s 1.295e+03  [-138 1.256e-07 1.789e-08 1.021e-04]  [11283 0 98]
 ST 25-1  1.320e+03  [0 1.000e+00 1.179e-01 9.996e-06]  [12938 0 91]
 ST 25-2  1.332e+03  [-52 2.295e-03 2.706e-04 1.000e-05]  [9016 0 96]
 ST 25-3s 1.352e+03  [-138 1.141e-07 1.345e-08 1.359e-04]  [10954 0 98]
 ST 26-1  1.376e+03  [0 1.000e+00 1.236e-01 9.997e-06]  [12057 0 91]
 ST 26-2  1.391e+03  [-59 1.020e-03 1.261e-04 9.997e-06]  [10387 0 97]
 ST 26-3s 1.408e+03  [-144 5.747e-08 7.103e-09 2.573e-04]  [10173 0 98]
 ST 27-1  1.427e+03  [0 1.000e+00 1.392e-01 9.999e-06]  [9237 0 88]
 ST 27-2  1.451e+03  [-73 2.231e-04 3.107e-05 9.999e-06]  [13139 0 98]
 ST 27-3s 1.461e+03  [-149 3.344e-08 4.656e-09 3.926e-04]  [9115 0 96]
 ST 28-1  1.482e+03  [0 1.000e+00 1.388e-01 9.990e-06]  [10799 0 89]
 ST 28-2  1.501e+03  [-62 7.131e-04 9.898e-05 9.999e-06]  [10846 0 98]
 ST 28-3s 1.519e+03  [-146 4.509e-08 6.258e-09 2.921e-04]  [9847 0 98]
 ST 29-1  1.536e+03  [0 1.000e+00 1.365e-01 9.994e-06]  [11701 0 87]
 ST 29-2  1.554e+03  [-59 1.029e-03 1.404e-04 9.994e-06]  [10310 0 98]
 ST 29-3s 1.574e+03  [-146 4.653e-08 6.351e-09 2.877e-04]  [10090 0 98]
 ST 30-1  1.592e+03  [0 1.000e+00 1.308e-01 9.995e-06]  [10732 0 87]
 ST 30-2  1.608e+03  [-66 4.718e-04 6.169e-05 9.997e-06]  [11168 0 98]
 ST 30-3s 1.624e+03  [-150 2.933e-08 3.834e-09 4.767e-04]  [8841 0 97]
 ST 31-1  1.643e+03  [0 1.000e+00 1.178e-01 1.000e-05]  [9174 0 88]
 ST 31-2  1.661e+03  [-73 2.062e-04 2.428e-05 9.998e-06]  [11941 0 98]
 ST 31-3s 1.674e+03  [-150 2.860e-08 3.369e-09 5.423e-04]  [7314 0 97]
 ST 32-1  1.696e+03  [0 1.000e+00 1.079e-01 1.000e-05]  [10972 0 90]
 ST 32-2  1.713e+03  [-60 9.297e-04 1.004e-04 9.994e-06]  [9986 0 98]
 ST 32-3s 1.726e+03  [-147 4.223e-08 4.558e-09 4.010e-04]  [9254 0 97]
 ST 33-1  1.748e+03  [0 1.000e+00 1.063e-01 9.996e-06]  [11580 0 90]
 ST 33-2  1.766e+03  [-60 9.265e-04 9.848e-05 9.998e-06]  [10257 0 98]
 ST 33-3s 1.785e+03  [-147 4.163e-08 4.424e-09 4.130e-04]  [9952 0 98]
 ST 34-1  1.799e+03  [0 1.000e+00 1.090e-01 1.000e-05]  [10313 0 84]
 ST 34-2  1.825e+03  [-75 1.773e-04 1.932e-05 9.998e-06]  [13923 0 98]
 ST 34-3s 1.841e+03  [-153 2.033e-08 2.215e-09 8.251e-04]  [8270 0 97]
 ST 35-1  1.859e+03  [0 1.000e+00 1.137e-01 9.997e-06]  [9128 0 87]
 ST 35-2  1.882e+03  [-73 2.048e-04 2.329e-05 9.994e-06]  [13372 0 98]
 ST 35-3s 1.899e+03  [-155 1.604e-08 1.824e-09 1.002e-03]  [8598 0 97]
 ST 36-1  1.920e+03  [0 1.000e+00 1.153e-01 9.998e-06]  [10226 0 89]
 ST 36-2  1.937e+03  [-66 4.721e-04 5.444e-05 1.000e-05]  [11851 0 97]
 ST 36-3s 1.956e+03  [-152 2.351e-08 2.711e-09 6.740e-04]  [9902 0 98]
 ST 37-1  1.978e+03  [0 1.000e+00 1.109e-01 9.994e-06]  [10557 0 90]
 ST 37-2  1.997e+03  [-70 2.922e-04 3.241e-05 9.994e-06]  [12807 0 98]
 ST 37-3s 2.014e+03  [-155 1.752e-08 1.944e-09 9.406e-04]  [9027 0 97]
 ST 38-1  2.032e+03  [0 1.000e+00 1.031e-01 9.996e-06]  [8595 0 87]
 ST 38-2  2.061e+03  [-82 7.081e-05 7.300e-06 1.000e-05]  [16716 0 99]
 ST 38-3s 2.067e+03  [-154 1.859e-08 1.917e-09 9.537e-04]  [6621 0 94]
 ST 39-1  2.078e+03  [0 1.000e+00 9.708e-02 9.995e-06]  [10464 0 82]
 ST 39-2  2.088e+03  [-69 3.388e-04 3.289e-05 9.999e-06]  [11564 0 96]
 ST 39-3s 2.095e+03  [-153 2.119e-08 2.057e-09 8.885e-04]  [8742 0 95]
 ST 40-1  2.106e+03  [0 1.000e+00 9.517e-02 9.996e-06]  [10912 0 83]
 ST 40-2  2.116e+03  [-69 3.448e-04 3.282e-05 9.994e-06]  [10903 0 96]
 ST 40-3s 2.122e+03  [-154 1.848e-08 1.759e-09 1.039e-03]  [7296 0 94]
 ST 41-1  2.132e+03  [0 1.000e+00 9.780e-02 1.000e-05]  [9621 0 81]
 ST 41-2  2.147e+03  [-84 6.130e-05 5.995e-06 9.999e-06]  [15785 0 97]
 ST 41-3s 2.152e+03  [-156 1.505e-08 1.472e-09 1.242e-03]  [6385 0 94]
 ST 42-1  2.163e+03  [0 1.000e+00 1.022e-01 9.993e-06]  [10011 0 81]
 ST 42-2  2.176e+03  [-83 6.995e-05 7.150e-06 9.996e-06]  [14390 0 97]
 ST 42-3s 2.182e+03  [-157 1.334e-08 1.363e-09 1.340e-03]  [6661 0 94]
 ST 43-1  2.193e+03  [0 1.000e+00 1.044e-01 9.999e-06]  [10447 0 82]
 ST 43-2  2.206e+03  [-75 1.652e-04 1.724e-05 9.999e-06]  [14507 0 97]
 ST 43-3s 2.213e+03  [-156 1.555e-08 1.623e-09 1.126e-03]  [8153 0 95]
 ST 44-1  2.224e+03  [0 1.000e+00 1.031e-01 9.999e-06]  [9788 0 81]
 ST 44-2  2.238e+03  [-85 5.385e-05 5.553e-06 9.996e-06]  [16511 0 97]
 ST 44-3s 2.244e+03  [-156 1.532e-08 1.580e-09 1.157e-03]  [6267 0 94]
 ST 45-1  2.254e+03  [0 1.000e+00 1.043e-01 9.997e-06]  [9728 0 81]
 ST 45-2  2.269e+03  [-86 4.525e-05 4.719e-06 9.998e-06]  [17092 0 98]
 ST 45-3s 2.275e+03  [-156 1.527e-08 1.593e-09 1.147e-03]  [5959 0 93]
 ST 46-1  2.285e+03  [0 1.000e+00 1.001e-01 9.992e-06]  [9989 0 82]
 ST 46-2  2.298e+03  [-77 1.273e-04 1.274e-05 9.993e-06]  [14795 0 97]
 ST 46-3s 2.305e+03  [-156 1.491e-08 1.492e-09 1.225e-03]  [7708 0 95]
 ST 47-1  2.316e+03  [0 1.000e+00 1.053e-01 9.994e-06]  [9437 0 80]
 ST 47-2  2.329e+03  [-83 6.730e-05 7.089e-06 9.996e-06]  [15038 0 97]
 ST 47-3s 2.335e+03  [-158 1.244e-08 1.311e-09 1.395e-03]  [6575 0 94]
 ST 48-1  2.342e+03  [0 1.000e+00 1.099e-01 1.000e-05]  [6356 0 74]
 ST 48-2  2.355e+03  [-93 2.025e-05 2.226e-06 9.992e-06]  [14580 0 97]
 ST 48-3s 2.359e+03  [-156 1.437e-08 1.580e-09 1.157e-03]  [4721 0 92]
 ST 49-1  2.369e+03  [0 1.000e+00 1.151e-01 1.000e-05]  [8886 0 80]
 ST 49-2  2.382e+03  [-83 6.313e-05 7.265e-06 9.994e-06]  [14463 0 97]
 ST 49-3s 2.388e+03  [-157 1.313e-08 1.512e-09 1.209e-03]  [6760 0 94]
 ST 50-1  2.398e+03  [0 1.000e+00 1.180e-01 9.999e-06]  [9372 0 80]
 ST 50-2  2.412e+03  [-88 3.895e-05 4.597e-06 9.999e-06]  [15799 0 97]
 ST 50-3s 2.417e+03  [-156 1.478e-08 1.745e-09 1.047e-03]  [5996 0 93]
 ST 51-1  2.427e+03  [0 1.000e+00 1.204e-01 9.994e-06]  [9286 0 80]
 ST 51-2  2.442e+03  [-95 1.712e-05 2.061e-06 9.991e-06]  [17247 0 98]
 ST 51-3s 2.447e+03  [-155 1.602e-08 1.929e-09 9.478e-04]  [4704 0 92]
 ST 52-1  2.456e+03  [0 1.000e+00 1.212e-01 9.995e-06]  [8392 0 78]
 ST 52-2  2.471e+03  [-86 4.998e-05 6.056e-06 9.997e-06]  [17073 0 98]
 ST 52-3s 2.477e+03  [-156 1.493e-08 1.809e-09 1.010e-03]  [6426 0 94]
 ST 53-1  2.486e+03  [0 1.000e+00 1.246e-01 9.999e-06]  [8731 0 79]
 ST 53-2  2.501e+03  [-84 5.725e-05 7.133e-06 1.000e-05]  [16422 0 97]
 ST 53-3s 2.507e+03  [-156 1.541e-08 1.920e-09 9.520e-04]  [6755 0 94]
 ST 54-1  2.516e+03  [0 1.000e+00 1.320e-01 9.999e-06]  [8253 0 78]
 ST 54-2  2.531e+03  [-90 3.011e-05 3.975e-06 9.998e-06]  [16621 0 97]
 ST 54-3s 2.536e+03  [-155 1.713e-08 2.261e-09 8.083e-04]  [5855 0 93]
 ST 55-1  2.545e+03  [0 1.000e+00 1.396e-01 9.998e-06]  [7928 0 74]
 ST 55-2  2.557e+03  [-86 4.847e-05 6.764e-06 9.996e-06]  [13625 0 97]
 ST 55-3s 2.563e+03  [-158 1.256e-08 1.753e-09 1.043e-03]  [6725 0 94]
 ST 56-1  2.572e+03  [0 1.000e+00 1.471e-01 9.995e-06]  [7956 0 77]
 ST 56-2  2.586e+03  [-86 4.759e-05 7.002e-06 9.998e-06]  [15618 0 97]
 ST 56-3s 2.592e+03  [-155 1.609e-08 2.367e-09 7.720e-04]  [6854 0 94]
 ST 57-1  2.602e+03  [0 1.000e+00 1.546e-01 9.996e-06]  [8958 0 80]
 ST 57-2  2.617e+03  [-85 5.373e-05 8.308e-06 9.998e-06]  [17284 0 98]
 ST 57-3s 2.623e+03  [-155 1.770e-08 2.736e-09 6.678e-04]  [7138 0 94]
 ST 58-1  2.633e+03  [0 1.000e+00 1.638e-01 9.997e-06]  [9383 0 81]
 ST 58-2  2.648e+03  [-81 8.075e-05 1.323e-05 9.999e-06]  [16950 0 98]
 ST 58-3s 2.655e+03  [-155 1.715e-08 2.809e-09 6.507e-04]  [7905 0 95]
 ST 59-1  2.665e+03  [0 1.000e+00 1.752e-01 9.999e-06]  [9200 0 80]
 ST 59-2  2.680e+03  [-82 7.257e-05 1.271e-05 1.000e-05]  [17353 0 98]
 ST 59-3s 2.687e+03  [-154 1.800e-08 3.154e-09 5.795e-04]  [7921 0 95]
 ST 60-1  2.696e+03  [0 1.000e+00 1.891e-01 9.995e-06]  [8647 0 79]
 ST 60-2  2.712e+03  [-86 4.900e-05 9.268e-06 9.999e-06]  [17926 0 98]
 ST 60-3s 2.718e+03  [-154 1.915e-08 3.621e-09 5.047e-04]  [7487 0 94]
 ST 61-1  2.726e+03  [0 1.000e+00 2.029e-01 9.996e-06]  [7515 0 75]
 ST 61-2  2.740e+03  [-86 4.685e-05 9.503e-06 9.998e-06]  [17640 0 97]
 ST 61-3s 2.747e+03  [-154 1.954e-08 3.965e-09 4.611e-04]  [7563 0 94]
 ST 62-1  2.753e+03  [0 1.000e+00 2.170e-01 9.997e-06]  [5883 0 71]
 ST 62-2  2.766e+03  [-87 4.243e-05 9.206e-06 9.997e-06]  [15790 0 97]
 ST 62-3s 2.772e+03  [-155 1.673e-08 3.630e-09 5.036e-04]  [7406 0 94]
 ST 63-1  2.780e+03  [0 1.000e+00 2.315e-01 9.994e-06]  [7977 0 77]
 ST 63-2  2.795e+03  [-86 4.871e-05 1.128e-05 1.000e-05]  [18002 0 97]
 ST 63-3s 2.801e+03  [-154 1.834e-08 4.244e-09 4.306e-04]  [7846 0 94]
 ST 64-1  2.810e+03  [0 1.000e+00 2.510e-01 9.994e-06]  [8463 0 78]
 ST 64-2  2.825e+03  [-90 2.881e-05 7.232e-06 9.996e-06]  [18638 0 98]
 ST 64-3s 2.831e+03  [-154 1.901e-08 4.772e-09 3.830e-04]  [7213 0 94]
 ST 65-1  2.839e+03  [0 1.000e+00 2.679e-01 9.998e-06]  [7706 0 75]
 ST 65-2  2.853e+03  [-95 1.614e-05 4.324e-06 9.998e-06]  [18249 0 97]
 ST 65-3s 2.859e+03  [-154 1.981e-08 5.307e-09 3.444e-04]  [6544 0 93]
 ST 66-1  2.866e+03  [0 1.000e+00 2.832e-01 9.997e-06]  [6901 0 74]
 ST 66-2  2.880e+03  [-95 1.608e-05 4.554e-06 9.997e-06]  [17499 0 97]
 ST 66-3s 2.885e+03  [-153 2.023e-08 5.729e-09 3.190e-04]  [6684 0 93]
 ST 67-1  2.893e+03  [0 1.000e+00 2.967e-01 9.999e-06]  [7061 0 74]
 ST 67-2  2.904e+03  [-95 1.722e-05 5.108e-06 9.993e-06]  [13773 0 97]
 ST 67-3s 2.910e+03  [-153 2.057e-08 6.104e-09 2.995e-04]  [6826 0 94]
 ST 68-1  2.916e+03  [0 1.000e+00 3.074e-01 9.994e-06]  [6009 0 71]
 ST 68-2  2.926e+03  [-94 1.992e-05 6.122e-06 1.000e-05]  [11713 0 96]
 ST 68-3s 2.931e+03  [-157 1.396e-08 4.290e-09 4.261e-04]  [6744 0 93]
 ST 69-1  2.939e+03  [0 1.000e+00 3.177e-01 9.997e-06]  [7494 0 75]
 ST 69-2  2.952e+03  [-91 2.586e-05 8.215e-06 9.990e-06]  [15609 0 97]
 ST 69-3s 2.958e+03  [-154 1.924e-08 6.113e-09 2.989e-04]  [7652 0 94]
 ST 70-1  2.966e+03  [0 1.000e+00 3.273e-01 1.000e-05]  [8295 0 77]
 ST 70-2  2.979e+03  [-90 3.093e-05 1.012e-05 9.999e-06]  [15247 0 97]
 ST 70-3s 2.985e+03  [-153 2.003e-08 6.555e-09 2.788e-04]  [8130 0 94]
 ST 71-1  2.994e+03  [0 1.000e+00 3.332e-01 9.996e-06]  [8559 0 77]
 ST 71-2  3.006e+03  [-90 2.857e-05 9.521e-06 9.997e-06]  [14990 0 97]
 ST 71-3s 3.012e+03  [-154 1.987e-08 6.620e-09 2.761e-04]  [8062 0 94]
 ST 72-1  3.021e+03  [0 1.000e+00 3.398e-01 9.999e-06]  [8128 0 77]
 ST 72-2  3.032e+03  [-91 2.631e-05 8.940e-06 9.994e-06]  [13962 0 97]
 ST 72-3s 3.038e+03  [-153 1.998e-08 6.789e-09 2.692e-04]  [8020 0 94]
 ST 73-1  3.045e+03  [0 1.000e+00 3.444e-01 9.997e-06]  [6479 0 72]
 ST 73-2  3.060e+03  [-93 1.997e-05 6.877e-06 9.997e-06]  [18313 0 97]
 ST 73-3s 3.066e+03  [-154 1.899e-08 6.541e-09 2.795e-04]  [7616 0 94]
 ST 74-1  3.073e+03  [0 1.000e+00 3.629e-01 9.995e-06]  [6382 0 73]
 ST 74-2  3.086e+03  [-85 5.328e-05 1.934e-05 9.993e-06]  [16200 0 97]
 ST 74-3s 3.094e+03  [-155 1.717e-08 6.231e-09 2.934e-04]  [9340 0 95]
 ST 75-1  3.101e+03  [0 1.000e+00 3.522e-01 9.994e-06]  [7662 0 76]
 ST 75-2  3.114e+03  [-96 1.523e-05 5.364e-06 9.990e-06]  [15914 0 97]
 ST 75-3s 3.120e+03  [-154 1.968e-08 6.933e-09 2.637e-04]  [7437 0 94]
 ST 76-1  3.129e+03  [0 1.000e+00 3.796e-01 9.996e-06]  [8582 0 77]
 ST 76-2  3.141e+03  [-88 3.965e-05 1.505e-05 9.992e-06]  [15710 0 97]
 ST 76-3s 3.149e+03  [-154 1.958e-08 7.431e-09 2.460e-04]  [9099 0 95]
 ST 77-1  3.157e+03  [0 1.000e+00 3.726e-01 9.996e-06]  [7766 0 76]
 ST 77-2  3.169e+03  [-93 2.124e-05 7.915e-06 9.999e-06]  [15756 0 97]
 ST 77-3s 3.176e+03  [-154 1.949e-08 7.262e-09 2.517e-04]  [8143 0 95]
 ST 78-1  3.184e+03  [0 1.000e+00 3.928e-01 9.994e-06]  [6873 0 73]
 ST 78-2  3.197e+03  [-88 3.630e-05 1.426e-05 9.994e-06]  [16501 0 97]
 ST 78-3s 3.205e+03  [-154 1.945e-08 7.643e-09 2.391e-04]  [9134 0 95]
 ST 79-1  3.211e+03  [0 1.000e+00 3.968e-01 9.993e-06]  [5634 0 69]
 ST 79-2  3.226e+03  [-85 5.092e-05 2.020e-05 9.991e-06]  [17243 0 97]
 ST 79-3s 3.234e+03  [-155 1.743e-08 6.916e-09 2.643e-04]  [9745 0 95]
 ST 80-1  3.242e+03  [0 1.000e+00 4.044e-01 9.997e-06]  [7868 0 76]
 ST 80-2  3.256e+03  [-86 4.993e-05 2.019e-05 9.998e-06]  [17077 0 97]
 ST 80-3s 3.264e+03  [-154 1.929e-08 7.802e-09 2.343e-04]  [9912 0 95]
 ST 81-1  3.273e+03  [0 1.000e+00 4.095e-01 9.995e-06]  [8672 0 78]
 ST 81-2  3.288e+03  [-83 7.002e-05 2.867e-05 1.000e-05]  [17976 0 97]
 ST 81-3s 3.297e+03  [-154 1.884e-08 7.713e-09 2.369e-04]  [10629 0 96]
 ST 82-1  3.305e+03  [0 1.000e+00 4.111e-01 9.998e-06]  [8459 0 77]
 ST 82-2  3.320e+03  [-82 7.178e-05 2.951e-05 9.996e-06]  [18362 0 97]
 ST 82-3s 3.329e+03  [-154 1.876e-08 7.711e-09 2.370e-04]  [10768 0 96]
 ST 83-1  3.337e+03  [0 1.000e+00 4.136e-01 9.999e-06]  [6641 0 73]
 ST 83-2  3.352e+03  [-81 8.382e-05 3.467e-05 9.997e-06]  [18591 0 98]
 ST 83-3s 3.361e+03  [-154 1.868e-08 7.728e-09 2.366e-04]  [11187 0 96]
 ST 84-1  3.369e+03  [0 1.000e+00 4.167e-01 9.994e-06]  [6630 0 72]
 ST 84-2  3.384e+03  [-79 1.110e-04 4.626e-05 9.995e-06]  [18480 0 97]
 ST 84-3s 3.394e+03  [-154 1.840e-08 7.669e-09 2.384e-04]  [11820 0 96]
 ST 85-1  3.403e+03  [0 1.000e+00 4.252e-01 9.999e-06]  [8785 0 78]
 ST 85-2  3.417e+03  [-73 2.200e-04 9.354e-05 9.999e-06]  [17579 0 97]
 ST 85-3s 3.428e+03  [-154 1.810e-08 7.695e-09 2.375e-04]  [13336 0 96]
 ST 86-1  3.438e+03  [0 1.000e+00 4.130e-01 9.998e-06]  [9237 0 78]
 ST 86-2  3.452e+03  [-71 2.593e-04 1.071e-04 9.998e-06]  [17521 0 97]
 ST 86-3s 3.464e+03  [-155 1.759e-08 7.263e-09 2.516e-04]  [13731 0 97]
 ST 87-1  3.473e+03  [0 1.000e+00 4.081e-01 9.997e-06]  [8489 0 76]
 ST 87-2  3.487e+03  [-68 3.579e-04 1.460e-04 1.000e-05]  [17096 0 97]
 ST 87-3s 3.499e+03  [-155 1.740e-08 7.102e-09 2.573e-04]  [14413 0 97]
 ST 88-1  3.505e+03  [0 1.000e+00 3.832e-01 9.996e-06]  [4954 0 66]
 ST 88-2  3.515e+03  [-69 3.502e-04 1.342e-04 9.999e-06]  [12536 0 96]
 ST 88-3s 3.527e+03  [-159 1.095e-08 4.195e-09 4.356e-04]  [13770 0 97]
 ST 89-1  3.537e+03  [0 1.000e+00 2.556e-01 9.998e-06]  [9437 0 79]
 ST 89-2  3.549e+03  [-60 9.237e-04 2.361e-04 1.000e-05]  [15441 0 97]
 ST 89-3s 3.561e+03  [-152 2.247e-08 5.743e-09 3.183e-04]  [14644 0 97]
 ST 90-1  3.572e+03  [0 1.000e+00 2.673e-01 9.996e-06]  [10345 0 80]
 ST 90-2  3.581e+03  [-43 6.469e-03 1.729e-03 9.998e-06]  [11206 0 96]
 ST 90-3s 3.593e+03  [-140 9.850e-08 2.633e-08 6.936e-05]  [13776 0 97]
 ST 91-1  3.602e+03  [0 1.000e+00 3.847e-01 9.995e-06]  [9238 0 78]
 ST 91-2  3.611e+03  [-43 7.014e-03 2.698e-03 1.000e-05]  [11176 0 96]
 ST 91-3s 3.624e+03  [-139 1.112e-07 4.277e-08 4.272e-05]  [15100 0 97]
 ST 92-1  3.631e+03  [0 1.000e+00 5.671e-01 9.996e-06]  [6701 0 72]
 ST 92-2  3.640e+03  [-43 6.624e-03 3.757e-03 9.996e-06]  [10009 0 95]
 ST 92-3s 3.655e+03  [-138 1.176e-07 6.671e-08 2.740e-05]  [18594 0 97]
 ST 93-1  3.662e+03  [0 1.000e+00 1.377e+00 9.998e-06]  [5906 0 70]
 ST 93-2  3.674e+03  [-53 2.126e-03 2.928e-03 9.998e-06]  [14294 0 97]
 ST 93-3s 3.691e+03  [-148 3.966e-08 5.462e-08 3.346e-05]  [20622 0 98]
 ST 94-1  3.699e+03  [0 1.000e+00 1.166e+00 9.996e-06]  [7676 0 74]
 ST 94-2  3.709e+03  [-42 7.611e-03 8.871e-03 9.998e-06]  [11558 0 96]
 ST 94-3s 3.727e+03  [-140 9.863e-08 1.150e-07 1.590e-05]  [22359 0 98]
 ST 95-1  3.737e+03  [0 1.000e+00 4.165e-01 1.000e-05]  [9714 0 78]
 ST 95-2  3.750e+03  [-61 8.141e-04 3.391e-04 9.999e-06]  [15588 0 97]
 ST 95-3s 3.764e+03  [-152 2.503e-08 1.042e-08 1.753e-04]  [16583 0 97]
 ST 96-1  3.771e+03  [0 1.000e+00 5.892e-01 9.994e-06]  [6571 0 72]
 ST 96-2  3.784e+03  [-63 6.496e-04 3.827e-04 1.000e-05]  [15667 0 97]
 ST 96-3s 3.798e+03  [-155 1.623e-08 9.566e-09 1.911e-04]  [16971 0 97]
 ST 97-1  3.807e+03  [0 1.000e+00 4.210e-01 9.998e-06]  [9184 0 78]
 ST 97-2  3.818e+03  [-44 6.083e-03 2.561e-03 9.996e-06]  [12422 0 96]
 ST 97-3s 3.832e+03  [-141 8.560e-08 3.604e-08 5.071e-05]  [16945 0 97]
 ST 98-1  3.841e+03  [0 1.000e+00 7.802e-01 1.000e-05]  [8876 0 77]
 ST 98-2  3.854e+03  [-53 2.067e-03 1.613e-03 9.998e-06]  [15248 0 97]
 ST 98-3s 3.871e+03  [-146 4.727e-08 3.688e-08 4.955e-05]  [21088 0 98]
 ST 99-1  3.878e+03  [0 1.000e+00 1.939e+00 9.996e-06]  [6366 0 71]
 ST 99-2  3.887e+03  [-38 1.195e-02 2.317e-02 9.996e-06]  [11110 0 96]
 ST 99-3s 3.904e+03  [-134 1.958e-07 3.797e-07 1.000e-05]  [20664 0 98]
 ST 100-1  3.912e+03  [0 1.000e+00 1.037e+00 9.991e-06]  [6662 0 72]
 ST 100-2  3.918e+03  [-34 1.924e-02 1.995e-02 9.994e-06]  [6805 0 93]
 ST 100-3s 3.938e+03  [-132 2.389e-07 2.477e-07 9.998e-06]  [24613 0 97]
 ST 101-1  3.949e+03  [0 1.000e+00 2.879e-01 9.996e-06]  [11454 0 82]
 ST 101-2  3.962e+03  [-55 1.709e-03 4.919e-04 9.995e-06]  [15615 0 97]
 ST 101-3s 3.973e+03  [-153 2.076e-08 5.976e-09 3.059e-04]  [13187 0 96]
 ST 102-1  3.985e+03  [0 1.000e+00 2.607e-01 1.000e-05]  [12045 0 83]
 ST 102-2  3.995e+03  [-45 5.381e-03 1.403e-03 9.999e-06]  [12466 0 96]
 ST 102-3s 4.014e+03  [-144 5.885e-08 1.534e-08 1.191e-04]  [23058 0 98]
 ST 103-1  4.024e+03  [0 1.000e+00 3.105e-01 9.997e-06]  [9815 0 79]
 ST 103-2  4.034e+03  [-42 7.853e-03 2.438e-03 1.000e-05]  [12583 0 96]
 ST 103-3s 4.054e+03  [-141 8.370e-08 2.599e-08 7.034e-05]  [24190 0 98]
 ST 104-1  4.064e+03  [0 1.000e+00 3.634e-01 9.999e-06]  [9114 0 78]
 ST 104-2  4.077e+03  [-57 1.402e-03 5.097e-04 9.999e-06]  [16630 0 97]
 ST 104-3s 4.089e+03  [-155 1.751e-08 6.363e-09 2.870e-04]  [13466 0 96]
 ST 105-1  4.101e+03  [0 1.000e+00 2.437e-01 9.998e-06]  [12205 0 83]
 ST 105-2  4.113e+03  [-49 3.206e-03 7.811e-04 9.997e-06]  [15294 0 97]
 ST 105-3s 4.129e+03  [-149 3.461e-08 8.434e-09 2.167e-04]  [18935 0 97]
 ST 106-1  4.139e+03  [0 1.000e+00 4.297e-01 9.997e-06]  [10570 0 80]
 ST 106-2  4.151e+03  [-46 4.495e-03 1.931e-03 9.997e-06]  [14242 0 97]
 ST 106-3s 4.171e+03  [-146 4.623e-08 1.987e-08 9.200e-05]  [24029 0 98]
 ST 107-1  4.178e+03  [0 1.000e+00 6.360e-01 9.996e-06]  [6056 0 69]
 ST 107-2  4.185e+03  [-37 1.331e-02 8.466e-03 9.997e-06]  [8196 0 94]
 ST 107-3s 4.203e+03  [-137 1.409e-07 8.961e-08 2.040e-05]  [22661 0 98]
 ST 108-1  4.212e+03  [0 1.000e+00 8.824e-01 1.000e-05]  [8373 0 76]
 ST 108-2  4.221e+03  [-35 1.722e-02 1.519e-02 9.997e-06]  [10884 0 96]
 ST 108-3s 4.238e+03  [-133 2.139e-07 1.887e-07 9.996e-06]  [20426 0 98]
 ST 109-1  4.247e+03  [0 1.000e+00 1.253e+00 1.000e-05]  [8087 0 76]
 ST 109-2  4.255e+03  [-33 2.160e-02 2.706e-02 9.998e-06]  [10237 0 95]
 ST 109-3s 4.279e+03  [-128 3.910e-07 4.901e-07 1.000e-05]  [28517 0 98]
 ST 110-1  4.286e+03  [0 1.000e+00 1.949e+00 9.996e-06]  [6170 0 71]
 ST 110-2  4.293e+03  [-32 2.318e-02 4.518e-02 9.998e-06]  [8735 0 95]
 ST 110-3s 4.312e+03  [-123 6.541e-07 1.275e-06 9.997e-06]  [23839 0 98]
 ST 111-1  4.319e+03  [0 1.000e+00 2.461e+00 9.994e-06]  [5746 0 69]
 ST 111-2  4.327e+03  [-40 9.422e-03 2.319e-02 9.998e-06]  [9785 0 95]
 ST 111-3s 4.342e+03  [-133 2.130e-07 5.242e-07 9.992e-06]  [18250 0 97]
 ST 112-1  4.350e+03  [0 1.000e+00 1.997e+00 9.997e-06]  [6674 0 73]
 ST 112-2  4.355e+03  [-21 7.984e-02 1.595e-01 9.997e-06]  [5623 0 92]
 ST 112-3s 4.374e+03  [-102 7.505e-06 1.499e-05 9.999e-06]  [22902 0 98]
 ST 113-1  4.382e+03  [0 1.000e+00 1.414e+00 9.997e-06]  [7401 0 75]
 ST 113-2  4.390e+03  [-40 9.997e-03 1.414e-02 9.999e-06]  [10265 0 95]
 ST 113-3s 4.404e+03  [-132 2.241e-07 3.170e-07 9.992e-06]  [16728 0 97]
 ST 114-1  4.411e+03  [0 1.000e+00 1.800e+00 9.993e-06]  [6346 0 72]
 ST 114-2  4.419e+03  [-43 6.652e-03 1.197e-02 9.998e-06]  [9053 0 95]
 ST 114-3s 4.434e+03  [-139 1.062e-07 1.911e-07 9.997e-06]  [18570 0 97]
 ST 115-1  4.442e+03  [0 1.000e+00 1.073e+00 9.998e-06]  [7445 0 74]
 ST 115-2  4.449e+03  [-34 1.884e-02 2.021e-02 1.000e-05]  [8189 0 94]
 ST 115-3s 4.463e+03  [-128 3.981e-07 4.270e-07 9.997e-06]  [16623 0 97]
 ST 116-1  4.470e+03  [0 1.000e+00 1.825e+00 9.999e-06]  [6083 0 71]
 ST 116-2  4.481e+03  [-57 1.394e-03 2.544e-03 9.997e-06]  [14015 0 97]
 ST 116-3s 4.498e+03  [-148 3.735e-08 6.817e-08 2.681e-05]  [20766 0 98]
 ST 117-1  4.506e+03  [0 1.000e+00 9.890e-01 9.993e-06]  [7283 0 74]
 ST 117-2  4.517e+03  [-52 2.402e-03 2.376e-03 9.997e-06]  [13144 0 96]
 ST 117-3s 4.534e+03  [-144 5.961e-08 5.895e-08 3.101e-05]  [19700 0 98]
 ST 118-1  4.541e+03  [0 1.000e+00 1.016e+00 9.996e-06]  [6434 0 72]
 ST 118-2  4.550e+03  [-54 1.960e-03 1.992e-03 9.999e-06]  [11219 0 96]
 ST 118-3s 4.566e+03  [-145 5.220e-08 5.305e-08 3.445e-05]  [19403 0 98]
 ST 119-1  4.574e+03  [0 1.000e+00 5.987e-01 9.997e-06]  [6875 0 72]
 ST 119-2  4.584e+03  [-50 3.109e-03 1.862e-03 9.998e-06]  [12781 0 96]
 ST 119-3s 4.601e+03  [-143 6.864e-08 4.109e-08 4.448e-05]  [19675 0 98]
 ST 120-1  4.609e+03  [0 1.000e+00 4.727e-01 9.996e-06]  [8271 0 76]
 ST 120-2  4.618e+03  [-42 7.833e-03 3.702e-03 9.999e-06]  [10104 0 95]
 ST 120-3s 4.630e+03  [-138 1.217e-07 5.752e-08 3.178e-05]  [14572 0 97]
 ST 121-1  4.638e+03  [0 1.000e+00 5.433e-01 1.000e-05]  [7772 0 75]
 ST 121-2  4.648e+03  [-49 3.470e-03 1.885e-03 9.996e-06]  [11834 0 96]
 ST 121-3s 4.663e+03  [-143 6.700e-08 3.640e-08 5.023e-05]  [17905 0 97]
 ST 122-1  4.671e+03  [0 1.000e+00 1.041e+00 9.993e-06]  [7003 0 73]
 ST 122-2  4.678e+03  [-44 6.225e-03 6.482e-03 1.000e-05]  [8296 0 94]
 ST 122-3s 4.693e+03  [-138 1.206e-07 1.255e-07 1.456e-05]  [18415 0 97]
 ST 123-1  4.700e+03  [0 1.000e+00 1.619e+00 9.990e-06]  [6783 -1 73]
 ST 123-2  4.706e+03  [-39 1.096e-02 1.774e-02 9.995e-06]  [6558 0 93]
 ST 123-3s 4.723e+03  [-130 3.102e-07 5.021e-07 9.998e-06]  [21021 0 98]
 ST 124-1  4.729e+03  [0 1.000e+00 1.784e+00 9.994e-06]  [5149 0 67]
 ST 124-2  4.744e+03  [-77 1.293e-04 2.307e-04 9.997e-06]  [17267 0 97]
 ST 124-3s 4.756e+03  [-150 2.858e-08 5.099e-08 3.584e-05]  [15061 0 97]
 ST 125-1  4.764e+03  [0 1.000e+00 9.426e-01 9.995e-06]  [7408 0 75]
 ST 125-2  4.772e+03  [-45 5.253e-03 4.951e-03 9.997e-06]  [9262 0 95]
 ST 125-3s 4.789e+03  [-137 1.288e-07 1.214e-07 1.505e-05]  [20699 0 98]
 ST 126-1  4.797e+03  [0 1.000e+00 4.519e-01 9.993e-06]  [8026 0 76]
 ST 126-2  4.803e+03  [-34 1.783e-02 8.058e-03 9.996e-06]  [6621 0 93]
 ST 126-3s 4.821e+03  [-127 4.282e-07 1.935e-07 9.998e-06]  [21270 0 98]
 ST 127-1  4.828e+03  [0 1.000e+00 3.994e-01 9.997e-06]  [6142 0 71]
 ST 127-2  4.842e+03  [-85 5.095e-05 2.035e-05 9.996e-06]  [17131 0 97]
 ST 127-3s 4.850e+03  [-146 4.751e-08 1.898e-08 9.632e-05]  [9641 0 95]
 ST 128-1  4.858e+03  [0 1.000e+00 5.563e-01 9.994e-06]  [7095 0 73]
 ST 128-2  4.870e+03  [-70 2.944e-04 1.638e-04 9.997e-06]  [14247 0 97]
 ST 128-3s 4.881e+03  [-156 1.496e-08 8.321e-09 2.196e-04]  [13680 0 97]
 ST 129-1  4.888e+03  [0 1.000e+00 6.759e-01 9.997e-06]  [6190 0 71]
 ST 129-2  4.897e+03  [-47 4.104e-03 2.774e-03 9.998e-06]  [10991 0 96]
 ST 129-3s 4.912e+03  [-140 9.771e-08 6.605e-08 2.767e-05]  [18197 0 97]
 ST 130-1  4.919e+03  [0 1.000e+00 1.130e+00 9.996e-06]  [5799 0 69]
 ST 130-2  4.927e+03  [-43 6.883e-03 7.776e-03 9.997e-06]  [9089 0 95]
 ST 130-3s 4.942e+03  [-133 2.171e-07 2.453e-07 9.995e-06]  [18755 0 97]
 ST 131-1  4.950e+03  [0 1.000e+00 1.292e+00 9.993e-06]  [6759 0 72]
 ST 131-2  4.958e+03  [-55 1.709e-03 2.208e-03 9.999e-06]  [9520 0 95]
 ST 131-3s 4.970e+03  [-144 5.634e-08 7.278e-08 2.512e-05]  [15025 0 97]
 ST 132-1  4.977e+03  [0 1.000e+00 1.178e+00 9.993e-06]  [6327 0 72]
 ST 132-2  4.985e+03  [-65 5.186e-04 6.107e-04 9.993e-06]  [9100 0 95]
 ST 132-3s 4.998e+03  [-151 2.759e-08 3.249e-08 5.626e-05]  [15219 0 97]
 ST 133-1  5.005e+03  [0 1.000e+00 1.098e+00 9.995e-06]  [6554 0 72]
 ST 133-2  5.018e+03  [-84 6.275e-05 6.891e-05 9.999e-06]  [14909 0 97]
 ST 133-3s 5.027e+03  [-150 2.819e-08 3.095e-08 5.907e-05]  [11495 0 96]
 ST 134-1  5.036e+03  [0 1.000e+00 7.168e-01 9.995e-06]  [7912 0 74]
 ST 134-2  5.042e+03  [-46 4.684e-03 3.358e-03 9.996e-06]  [7223 0 94]
 ST 134-3s 5.056e+03  [-135 1.749e-07 1.254e-07 1.458e-05]  [17191 0 97]
 ST 135-1  5.066e+03  [0 1.000e+00 2.978e-01 9.998e-06]  [9019 0 77]
 ST 135-2  5.070e+03  [-34 1.961e-02 5.839e-03 9.994e-06]  [5122 0 91]
 ST 135-3s 5.086e+03  [-123 6.562e-07 1.954e-07 9.996e-06]  [18873 0 97]
 ST 136-1  5.095e+03  [0 1.000e+00 1.640e-01 9.998e-06]  [9180 0 78]
 ST 136-2  5.101e+03  [-38 1.123e-02 1.843e-03 1.000e-05]  [6426 0 93]
 ST 136-3s 5.115e+03  [-130 3.054e-07 5.009e-08 3.649e-05]  [16566 0 97]
 ST 137-1  5.123e+03  [0 1.000e+00 1.462e-01 9.995e-06]  [8249 0 76]
 ST 137-2  5.128e+03  [-34 1.822e-02 2.663e-03 9.998e-06]  [5957 0 92]
 ST 137-3s 5.142e+03  [-127 4.411e-07 6.447e-08 2.835e-05]  [16824 0 97]
 ST 138-1  5.151e+03  [0 1.000e+00 8.379e-02 9.998e-06]  [8748 0 78]
 ST 138-2  5.157e+03  [-38 1.241e-02 1.040e-03 9.999e-06]  [6092 0 93]
 ST 138-3s 5.169e+03  [-132 2.486e-07 2.083e-08 8.773e-05]  [15131 0 97]
 ST 139-1  5.179e+03  [0 1.000e+00 6.023e-02 9.995e-06]  [9919 0 80]
 ST 139-2  5.186e+03  [-44 5.679e-03 3.420e-04 1.000e-05]  [8195 0 94]
 ST 139-3s 5.197e+03  [-140 9.557e-08 5.757e-09 3.175e-04]  [12704 0 96]
 ST 140-1  5.207e+03  [0 1.000e+00 4.417e-02 9.993e-06]  [10148 0 80]
 ST 140-2  5.216e+03  [-57 1.338e-03 5.909e-05 9.998e-06]  [10338 0 95]
 ST 140-3s 5.224e+03  [-152 2.291e-08 1.012e-09 1.807e-03]  [9982 0 95]
 ST 141-1  5.233e+03  [0 1.000e+00 1.092e-01 9.997e-06]  [8011 0 76]
 ST 141-2  5.243e+03  [-55 1.706e-03 1.863e-04 9.997e-06]  [11507 0 96]
 ST 141-3s 5.253e+03  [-149 3.317e-08 3.623e-09 5.045e-04]  [11918 0 96]
 ST 142-1  5.261e+03  [0 1.000e+00 2.125e-01 1.000e-05]  [8558 0 77]
 ST 142-2  5.268e+03  [-47 4.056e-03 8.618e-04 9.997e-06]  [8182 0 94]
 ST 142-3s 5.281e+03  [-141 8.199e-08 1.742e-08 1.049e-04]  [14514 0 97]
 ST 143-1  5.290e+03  [0 1.000e+00 2.623e-01 9.999e-06]  [8606 0 77]
 ST 143-2  5.296e+03  [-49 3.485e-03 9.140e-04 9.995e-06]  [7485 0 94]
 ST 143-3s 5.308e+03  [-141 8.122e-08 2.130e-08 8.581e-05]  [13831 0 97]
 ST 144-1  5.316e+03  [0 1.000e+00 2.758e-01 9.995e-06]  [7950 0 75]
 ST 144-2  5.322e+03  [-56 1.478e-03 4.077e-04 9.999e-06]  [7439 0 94]
 ST 144-3s 5.332e+03  [-147 4.040e-08 1.114e-08 1.641e-04]  [11239 0 96]
 ST 145-1  5.338e+03  [0 1.000e+00 2.994e-01 9.999e-06]  [5175 0 67]
 ST 145-2  5.347e+03  [-54 1.931e-03 5.779e-04 9.996e-06]  [10106 0 95]
 ST 145-3s 5.358e+03  [-143 6.822e-08 2.042e-08 8.951e-05]  [13713 0 97]
 ST 146-1  5.365e+03  [0 1.000e+00 3.370e-01 9.997e-06]  [6306 0 71]
 ST 146-2  5.374e+03  [-59 1.021e-03 3.440e-04 9.998e-06]  [10060 0 95]
 ST 146-3s 5.385e+03  [-147 4.236e-08 1.428e-08 1.281e-04]  [13500 0 96]
 ST 147-1  5.392e+03  [0 1.000e+00 3.416e-01 9.996e-06]  [6775 0 73]
 ST 147-2  5.402e+03  [-62 7.859e-04 2.685e-04 9.993e-06]  [11316 0 96]
 ST 147-3s 5.413e+03  [-149 3.316e-08 1.133e-08 1.614e-04]  [13231 0 96]
 ST 148-1  5.421e+03  [0 1.000e+00 3.602e-01 9.997e-06]  [7653 0 75]
 ST 148-2  5.430e+03  [-64 6.211e-04 2.237e-04 9.994e-06]  [10800 0 96]
 ST 148-3s 5.441e+03  [-150 2.945e-08 1.061e-08 1.723e-04]  [13030 0 96]
 ST 149-1  5.448e+03  [0 1.000e+00 3.667e-01 9.996e-06]  [6456 0 72]
 ST 149-2  5.458e+03  [-71 2.741e-04 1.005e-04 9.999e-06]  [11916 0 96]
 ST 149-3s 5.468e+03  [-153 2.160e-08 7.921e-09 2.308e-04]  [11532 0 96]
 ST 150-1  5.474e+03  [0 1.000e+00 3.459e-01 9.994e-06]  [5261 0 67]
 ST 150-2  5.486e+03  [-79 1.013e-04 3.502e-05 9.995e-06]  [14040 0 97]
 ST 150-3s 5.494e+03  [-153 2.111e-08 7.303e-09 2.503e-04]  [9499 0 95]
 ST 151-1  5.502e+03  [0 1.000e+00 3.243e-01 9.999e-06]  [7276 0 74]
 ST 151-2  5.513e+03  [-94 1.857e-05 6.022e-06 9.997e-06]  [13498 0 96]
 ST 151-3s 5.519e+03  [-154 1.924e-08 6.240e-09 2.929e-04]  [6378 0 93]
 ST 152-1  5.527e+03  [0 1.000e+00 2.789e-01 9.996e-06]  [8103 0 77]
 ST 152-2  5.537e+03  [-78 1.154e-04 3.220e-05 1.000e-05]  [12404 0 96]
 ST 152-3s 5.545e+03  [-153 2.148e-08 5.990e-09 3.050e-04]  [9351 0 95]
 ST 153-1  5.553e+03  [0 1.000e+00 2.481e-01 9.994e-06]  [7716 0 76]
 ST 153-2  5.565e+03  [-85 5.560e-05 1.380e-05 9.995e-06]  [14209 0 97]
 ST 153-3s 5.571e+03  [-153 2.048e-08 5.080e-09 3.598e-04]  [7876 0 94]
 ST 154-1  5.579e+03  [0 1.000e+00 2.378e-01 9.997e-06]  [6739 0 73]
 ST 154-2  5.592e+03  [-85 5.231e-05 1.244e-05 9.996e-06]  [15662 0 97]
 ST 154-3s 5.598e+03  [-152 2.265e-08 5.384e-09 3.395e-04]  [7656 0 94]
 ST 155-1  5.605e+03  [0 1.000e+00 2.139e-01 9.993e-06]  [6320 0 72]
 ST 155-2  5.618e+03  [-80 9.929e-05 2.124e-05 9.997e-06]  [15123 0 97]
 ST 155-3s 5.625e+03  [-150 2.871e-08 6.142e-09 2.976e-04]  [8542 0 95]
 ST 156-1  5.633e+03  [0 1.000e+00 1.944e-01 9.999e-06]  [6996 0 74]
 ST 156-2  5.645e+03  [-84 6.046e-05 1.175e-05 9.994e-06]  [14508 0 97]
 ST 156-3s 5.651e+03  [-153 2.228e-08 4.331e-09 4.220e-04]  [7484 0 94]
 ST 157-1  5.659e+03  [0 1.000e+00 1.830e-01 9.998e-06]  [7868 0 76]
 ST 157-2  5.670e+03  [-84 6.283e-05 1.150e-05 9.997e-06]  [13238 0 97]
 ST 157-3s 5.677e+03  [-154 1.947e-08 3.563e-09 5.130e-04]  [7267 0 94]
 ST 158-1  5.685e+03  [0 1.000e+00 1.658e-01 9.996e-06]  [8189 0 77]
 ST 158-2  5.695e+03  [-83 6.414e-05 1.063e-05 9.998e-06]  [12203 0 96]
 ST 158-3s 5.701e+03  [-154 1.881e-08 3.117e-09 5.863e-04]  [6017 0 93]
 ST 159-1  5.708e+03  [0 1.000e+00 1.566e-01 9.997e-06]  [6796 0 73]
 ST 159-2  5.719e+03  [-90 2.870e-05 4.493e-06 9.990e-06]  [13469 0 97]
 ST 159-3s 5.724e+03  [-155 1.757e-08 2.752e-09 6.643e-04]  [5438 0 92]
 ST 160-1  5.732e+03  [0 1.000e+00 1.478e-01 9.996e-06]  [6970 0 74]
 ST 160-2  5.743e+03  [-85 5.242e-05 7.749e-06 9.996e-06]  [14108 0 97]
 ST 160-3s 5.749e+03  [-154 1.884e-08 2.785e-09 6.563e-04]  [6648 0 93]
 ST 161-1  5.756e+03  [0 1.000e+00 1.392e-01 9.998e-06]  [6169 0 72]
 ST 161-2  5.770e+03  [-94 1.880e-05 2.617e-06 9.994e-06]  [17223 0 97]
 ST 161-3s 5.775e+03  [-154 1.963e-08 2.733e-09 6.687e-04]  [4939 0 91]
 ST 162-1  5.781e+03  [0 1.000e+00 1.406e-01 9.997e-06]  [5886 0 71]
 ST 162-2  5.794e+03  [-95 1.608e-05 2.260e-06 9.996e-06]  [15062 0 97]
 ST 162-3s 5.798e+03  [-153 2.168e-08 3.048e-09 5.995e-04]  [4600 0 91]
 ST 163-1  5.805e+03  [0 1.000e+00 1.367e-01 9.995e-06]  [6386 0 72]
 ST 163-2  5.818e+03  [-92 2.329e-05 3.182e-06 9.997e-06]  [15492 0 97]
 ST 163-3s 5.822e+03  [-153 2.066e-08 2.823e-09 6.475e-04]  [5174 0 92]
 ST 164-1  5.830e+03  [0 1.000e+00 1.381e-01 9.996e-06]  [6422 0 72]
 ST 164-2  5.842e+03  [-82 7.651e-05 1.057e-05 9.997e-06]  [14618 0 97]
 ST 164-3s 5.848e+03  [-153 2.117e-08 2.925e-09 6.248e-04]  [7029 0 94]
 ST 165-1  5.854e+03  [0 1.000e+00 1.446e-01 9.993e-06]  [5406 0 69]
 ST 165-2  5.865e+03  [-76 1.458e-04 2.109e-05 1.000e-05]  [13384 0 97]
 ST 165-3s 5.873e+03  [-152 2.487e-08 3.595e-09 5.084e-04]  [8216 0 94]
 ST 166-1  5.878e+03  [0 1.000e+00 1.504e-01 9.999e-06]  [3832 0 60]
 ST 166-2  5.889e+03  [-71 2.654e-04 3.991e-05 9.997e-06]  [13310 0 96]
 ST 166-3s 5.897e+03  [-148 3.671e-08 5.520e-09 3.310e-04]  [9417 0 95]
 ST 167-1  5.904e+03  [0 1.000e+00 1.622e-01 9.988e-06]  [6226 0 71]
 ST 167-2  5.914e+03  [-68 3.966e-04 6.431e-05 9.997e-06]  [11126 0 96]
 ST 167-3s 5.922e+03  [-149 3.505e-08 5.684e-09 3.216e-04]  [9153 0 95]
 ST 168-1  5.929e+03  [0 1.000e+00 1.705e-01 9.988e-06]  [6434 0 72]
 ST 168-2  5.938e+03  [-69 3.488e-04 5.947e-05 9.996e-06]  [11354 0 96]
 ST 168-3s 5.946e+03  [-149 3.421e-08 5.833e-09 3.134e-04]  [9287 0 95]
 ST 169-1  5.954e+03  [0 1.000e+00 1.750e-01 9.996e-06]  [6504 0 72]
 ST 169-2  5.964e+03  [-68 3.610e-04 6.316e-05 9.999e-06]  [11528 0 96]
 ST 169-3s 5.972e+03  [-148 3.699e-08 6.472e-09 2.825e-04]  [9612 0 95]
 ST 170-1  5.979e+03  [0 1.000e+00 1.839e-01 9.993e-06]  [6225 0 71]
 ST 170-2  5.989e+03  [-67 4.145e-04 7.623e-05 9.997e-06]  [11293 0 96]
 ST 170-3s 5.997e+03  [-147 4.424e-08 8.136e-09 2.246e-04]  [10177 0 95]
 ST 171-1  6.004e+03  [0 1.000e+00 1.934e-01 9.993e-06]  [5636 0 69]
 ST 171-2  6.014e+03  [-67 4.059e-04 7.850e-05 9.998e-06]  [11563 0 96]
 ST 171-3s 6.023e+03  [-146 4.760e-08 9.207e-09 1.985e-04]  [10451 0 96]
 ST 172-1  6.029e+03  [0 1.000e+00 2.004e-01 9.998e-06]  [5245 0 67]
 ST 172-2  6.039e+03  [-67 4.240e-04 8.495e-05 9.998e-06]  [11535 0 96]
 ST 172-3s 6.048e+03  [-145 5.281e-08 1.058e-08 1.727e-04]  [10638 0 96]
 ST 173-1  6.054e+03  [0 1.000e+00 2.106e-01 9.990e-06]  [5194 0 67]
 ST 173-2  6.064e+03  [-66 4.600e-04 9.690e-05 9.995e-06]  [10996 0 96]
 ST 173-3s 6.073e+03  [-144 6.014e-08 1.267e-08 1.443e-04]  [10757 0 96]
 ST 174-1  6.079e+03  [0 1.000e+00 2.215e-01 9.996e-06]  [5446 0 68]
 ST 174-2  6.088e+03  [-66 4.860e-04 1.076e-04 9.999e-06]  [10371 0 95]
 ST 174-3s 6.097e+03  [-143 6.737e-08 1.492e-08 1.225e-04]  [10541 0 96]
 ST 175-1  6.104e+03  [0 1.000e+00 2.327e-01 9.990e-06]  [5732 0 69]
 ST 175-2  6.112e+03  [-65 5.112e-04 1.190e-04 9.999e-06]  [9959 0 95]
 ST 175-3s 6.121e+03  [-142 7.506e-08 1.747e-08 1.047e-04]  [10122 0 95]
 ST 176-1  6.128e+03  [0 1.000e+00 2.453e-01 9.990e-06]  [5918 0 70]
 ST 176-2  6.136e+03  [-65 5.495e-04 1.348e-04 9.995e-06]  [9591 0 95]
 ST 176-3s 6.145e+03  [-141 8.591e-08 2.107e-08 8.674e-05]  [9857 0 95]
 ST 177-1  6.152e+03  [0 1.000e+00 2.596e-01 9.990e-06]  [6009 0 70]
 ST 177-2  6.160e+03  [-64 5.905e-04 1.533e-04 9.988e-06]  [9387 0 95]
 ST 177-3s 6.168e+03  [-140 9.919e-08 2.575e-08 7.100e-05]  [9871 0 95]
 ST 178-1  6.175e+03  [0 1.000e+00 2.751e-01 9.997e-06]  [6053 0 70]
 ST 178-2  6.183e+03  [-64 6.222e-04 1.711e-04 1.000e-05]  [9332 0 95]
 ST 178-3s 6.192e+03  [-138 1.130e-07 3.109e-08 5.879e-05]  [10047 0 95]
 ST 179-1  6.199e+03  [0 1.000e+00 2.919e-01 9.999e-06]  [6086 0 71]
 ST 179-2  6.207e+03  [-63 6.721e-04 1.962e-04 9.994e-06]  [9362 0 95]
 ST 179-3s 6.216e+03  [-137 1.314e-07 3.836e-08 4.764e-05]  [10319 0 95]
 ST 180-1  6.223e+03  [0 1.000e+00 3.115e-01 9.999e-06]  [6153 0 71]
 ST 180-2  6.231e+03  [-62 7.202e-04 2.244e-04 9.995e-06]  [9557 0 95]
 ST 180-3s 6.240e+03  [-136 1.527e-07 4.756e-08 3.843e-05]  [10598 0 96]
 ST 181-1  6.247e+03  [0 1.000e+00 3.332e-01 9.997e-06]  [6292 0 71]
 ST 181-2  6.256e+03  [-62 7.754e-04 2.584e-04 9.995e-06]  [9845 0 95]
 ST 181-3s 6.265e+03  [-134 1.781e-07 5.934e-08 3.080e-05]  [10857 0 96]
 ST 182-1  6.272e+03  [0 1.000e+00 3.581e-01 9.993e-06]  [6437 0 71]
 ST 182-2  6.281e+03  [-61 8.410e-04 3.012e-04 9.992e-06]  [10185 0 95]
 ST 182-3s 6.291e+03  [-133 2.093e-07 7.494e-08 2.438e-05]  [11136 0 96]
 ST 183-1  6.298e+03  [0 1.000e+00 3.870e-01 9.995e-06]  [6585 0 72]
 ST 183-2  6.307e+03  [-60 9.140e-04 3.537e-04 1.000e-05]  [10506 0 96]
 ST 183-3s 6.317e+03  [-132 2.466e-07 9.542e-08 1.915e-05]  [11392 0 96]
 ST 184-1  6.324e+03  [0 1.000e+00 4.202e-01 9.999e-06]  [6687 0 72]
 ST 184-2  6.333e+03  [-60 9.940e-04 4.177e-04 9.997e-06]  [10739 0 96]
 ST 184-3s 6.343e+03  [-130 2.920e-07 1.227e-07 1.489e-05]  [11694 0 96]
 ST 185-1  6.351e+03  [0 1.000e+00 4.590e-01 9.995e-06]  [6728 0 73]
 ST 185-2  6.360e+03  [-59 1.086e-03 4.984e-04 9.998e-06]  [10811 0 96]
 ST 185-3s 6.370e+03  [-129 3.475e-07 1.595e-07 1.146e-05]  [11977 0 96]
 ST 186-1  6.378e+03  [0 1.000e+00 5.048e-01 9.992e-06]  [6740 0 73]
 ST 186-2  6.387e+03  [-58 1.195e-03 6.034e-04 9.995e-06]  [10759 0 96]
 ST 186-3s 6.397e+03  [-127 4.166e-07 2.103e-07 9.996e-06]  [12044 0 96]
 ST 187-1  6.405e+03  [0 1.000e+00 5.598e-01 9.998e-06]  [6705 0 72]
 ST 187-2  6.414e+03  [-57 1.318e-03 7.376e-04 9.997e-06]  [10563 0 96]
 ST 187-3s 6.424e+03  [-125 5.013e-07 2.806e-07 9.996e-06]  [11862 0 96]
 ST 188-1  6.431e+03  [0 1.000e+00 6.262e-01 9.996e-06]  [6641 0 72]
 ST 188-2  6.440e+03  [-56 1.495e-03 9.362e-04 1.000e-05]  [10279 0 95]
 ST 188-3s 6.450e+03  [-124 6.152e-07 3.852e-07 9.996e-06]  [11683 0 96]
 ST 189-1  6.457e+03  [0 1.000e+00 7.087e-01 9.994e-06]  [6524 0 72]
 ST 189-2  6.466e+03  [-56 1.568e-03 1.111e-03 9.997e-06]  [10078 0 95]
 ST 189-3s 6.475e+03  [-122 7.153e-07 5.069e-07 9.994e-06]  [11381 0 96]
 ST 190-1  6.483e+03  [0 1.000e+00 8.006e-01 9.994e-06]  [6422 0 70]
 ST 190-2  6.491e+03  [-55 1.767e-03 1.414e-03 9.999e-06]  [9899 0 95]
 ST 190-3s 6.500e+03  [-121 8.734e-07 6.992e-07 9.998e-06]  [11103 0 96]
 ST 191-1  6.508e+03  [0 1.000e+00 9.239e-01 9.991e-06]  [6240 0 71]
 ST 191-2  6.516e+03  [-53 2.001e-03 1.849e-03 9.993e-06]  [9761 0 95]
 ST 191-3s 6.525e+03  [-119 1.079e-06 9.965e-07 9.997e-06]  [10811 0 96]
 ST 192-1  6.532e+03  [0 1.000e+00 1.078e+00 9.995e-06]  [6007 0 70]
 ST 192-2  6.540e+03  [-53 2.209e-03 2.382e-03 9.996e-06]  [9652 0 95]
 ST 192-3s 6.549e+03  [-117 1.313e-06 1.415e-06 9.996e-06]  [10527 0 96]
 ST 193-1  6.556e+03  [0 1.000e+00 1.268e+00 9.991e-06]  [5727 0 69]
 ST 193-2  6.564e+03  [-52 2.421e-03 3.070e-03 1.000e-05]  [9511 0 95]
 ST 193-3s 6.573e+03  [-115 1.591e-06 2.019e-06 9.996e-06]  [10310 0 95]
 ST 194-1  6.580e+03  [0 1.000e+00 1.510e+00 9.995e-06]  [5507 -1 68]
 ST 194-2  6.588e+03  [-51 2.633e-03 3.975e-03 9.998e-06]  [9279 0 95]
 ST 194-3s 6.596e+03  [-114 1.924e-06 2.905e-06 1.000e-05]  [10065 0 95]
 ST 195-1  6.603e+03  [0 1.000e+00 1.814e+00 9.995e-06]  [5403 -1 68]
 ST 195-2  6.610e+03  [-51 2.808e-03 5.093e-03 9.998e-06]  [9012 0 95]
 ST 195-3s 6.619e+03  [-112 2.302e-06 4.176e-06 1.000e-05]  [9826 0 95]
 ST 196-1  6.625e+03  [0 1.000e+00 2.194e+00 9.994e-06]  [5476 0 68]
 ST 196-2  6.633e+03  [-50 2.892e-03 6.344e-03 9.999e-06]  [8630 0 95]
 ST 196-3s 6.641e+03  [-111 2.694e-06 5.910e-06 1.000e-05]  [9617 0 95]
 ST 197-1  6.648e+03  [0 1.000e+00 2.656e+00 9.993e-06]  [5677 0 69]
 ST 197-2  6.655e+03  [-50 2.822e-03 7.494e-03 9.999e-06]  [8055 0 94]
 ST 197-3s 6.663e+03  [-110 3.053e-06 8.108e-06 9.997e-06]  [9452 0 95]
 ST 198-1  6.670e+03  [0 1.000e+00 3.191e+00 9.995e-06]  [5957 0 69]
 ST 198-2  6.676e+03  [-51 2.518e-03 8.035e-03 9.998e-06]  [7002 0 93]
 ST 198-3s 6.684e+03  [-109 3.282e-06 1.047e-05 9.993e-06]  [9421 0 95]
 ST 199-1  6.691e+03  [0 1.000e+00 3.732e+00 9.997e-06]  [6429 0 71]
 ST 199-2  6.700e+03  [-60 9.244e-04 3.450e-03 9.992e-06]  [10133 0 95]
 ST 199-3s 6.707e+03  [-114 1.992e-06 7.436e-06 9.999e-06]  [8072 0 94]
 ST 200-1  6.717e+03  [0 1.000e+00 3.226e+00 9.997e-06]  [10375 0 80]
 ST 200-2  6.721e+03  [-8 3.748e-01 1.209e+00 9.998e-06]  [3549 0 88]
 ST 200-3  6.732e+03  [-86 4.922e-05 1.588e-04 9.997e-06]  [13011 0 96]
 ST 200-4s 6.740e+03  [-141 8.231e-08 2.656e-07 9.997e-06]  [9576 0 94]
