---------------------------------------------------------------------
 Eq     N-i     T       dB  Ri/R1   Ri/R0    R/Ri     lsIt   dB  %t
---------------------------------------------------------------------
 ST 1-1  6.600e-02  [0 1.000e+00 1.000e+00 9.994e-06]  [204 -17 17]
 ST 1-2  1.320e-01  [-78 1.219e-04 1.219e-04 9.933e-06]  [291 -11 23]
 ST 1-3s 1.940e-01  [-178 1.211e-09 1.211e-09 6.650e-04]  [214 -2 18]
 ST 2-1  5.430e-01  [0 1.000e+00 1.491e+00 9.825e-06]  [198 -15 3]
 ST 2-2  6.090e-01  [-88 3.635e-05 5.421e-05 9.731e-06]  [321 -5 24]
 ST 2-3s 6.680e-01  [-189 3.541e-10 5.281e-10 1.515e-03]  [150 -19 12]
 ST 3-1  9.790e-01  [0 1.000e+00 1.204e+00 9.777e-06]  [208 -1 4]
 ST 3-2  1.052e+00  [-86 4.614e-05 5.555e-05 9.760e-06]  [311 -1 26]
 ST 3-3s 1.118e+00  [-186 4.506e-10 5.426e-10 1.467e-03]  [191 -13 15]
 ST 4-1  1.364e+00  [0 1.000e+00 1.005e+00 9.841e-06]  [207 0 4]
 ST 4-2  1.429e+00  [-93 2.220e-05 2.231e-05 9.971e-06]  [334 -9 23]
 ST 4-3s 1.486e+00  [-193 2.227e-10 2.238e-10 3.602e-03]  [119 -4 11]
 ST 5-1  1.733e+00  [0 1.000e+00 6.115e-01 9.549e-06]  [195 -15 4]
 ST 5-2  1.800e+00  [-92 2.389e-05 1.461e-05 9.714e-06]  [331 -8 24]
 ST 5-3s 1.856e+00  [-192 2.358e-10 1.442e-10 5.655e-03]  [119 -3 11]
 ST 6-1  2.099e+00  [0 1.000e+00 4.295e-01 9.647e-06]  [216 -4 5]
 ST 6-2  2.166e+00  [-95 1.629e-05 6.998e-06 9.702e-06]  [339 -10 25]
 ST 6-3s 2.224e+00  [-195 1.680e-10 7.216e-11 1.122e-02]  [132 -8 10]
 ST 7-1  2.471e+00  [0 1.000e+00 2.166e-01 9.835e-06]  [239 -11 6]
 ST 7-2  2.537e+00  [-96 1.496e-05 3.242e-06 9.784e-06]  [328 -5 26]
 ST 7-3s 2.594e+00  [-194 1.877e-10 4.067e-11 1.983e-02]  [68 -10 5]
 ST 8-1  2.839e+00  [0 1.000e+00 1.456e-01 9.723e-06]  [242 -12 5]
 ST 8-2  2.907e+00  [-92 2.391e-05 3.481e-06 9.941e-06]  [293 -15 25]
 ST 8-3s 2.963e+00  [-190 2.944e-10 4.286e-11 1.828e-02]  [84 -16 7]
 ST 9-1  3.207e+00  [0 1.000e+00 6.591e-02 9.905e-06]  [247 -14 6]
 ST 9-2  3.278e+00  [-89 3.287e-05 2.166e-06 9.996e-06]  [325 -5 27]
 ST 9-3s 3.332e+00  [-185 5.117e-10 3.373e-11 2.360e-02]  [76 -13 7]
 ST 10-1  3.588e+00  [0 1.000e+00 5.320e-02 9.951e-06]  [283 -8 6]
 ST 10-2  3.650e+00  [-91 2.675e-05 1.423e-06 9.564e-06]  [272 -7 21]
 ST 10-3s 3.705e+00  [-185 5.318e-10 2.829e-11 2.871e-02]  [94 -13 7]
 ST 11-1  3.974e+00  [0 1.000e+00 3.624e-02 9.667e-06]  [289 -10 6]
 ST 11-2  4.044e+00  [-91 2.697e-05 9.774e-07 9.861e-06]  [314 -2 23]
 ST 11-3s 4.099e+00  [-182 7.469e-10 2.707e-11 2.942e-02]  [74 -9 7]
 ST 12-1  4.358e+00  [0 1.000e+00 3.858e-02 9.729e-06]  [270 -5 5]
 ST 12-2  4.425e+00  [-92 2.353e-05 9.077e-07 9.814e-06]  [292 -14 24]
 ST 12-3s 4.478e+00  [-182 7.173e-10 2.767e-11 2.929e-02]  [64 -5 4]
 ST 13-1  4.723e+00  [0 1.000e+00 3.777e-02 9.922e-06]  [289 -10 7]
 ST 13-2  4.791e+00  [-85 5.599e-05 2.115e-06 9.962e-06]  [291 -13 22]
 ST 13-3s 4.847e+00  [-181 8.794e-10 3.322e-11 2.415e-02]  [73 -11 7]
 ST 14-1  5.093e+00  [0 1.000e+00 3.587e-02 9.745e-06]  [283 -8 6]
 ST 14-2  5.155e+00  [-89 3.236e-05 1.161e-06 9.936e-06]  [259 -1 19]
 ST 14-3s 5.210e+00  [-182 7.804e-10 2.799e-11 2.801e-02]  [87 -11 7]
 ST 15-1  5.459e+00  [0 1.000e+00 3.539e-02 9.785e-06]  [283 -8 6]
 ST 15-2  5.526e+00  [-92 2.318e-05 8.203e-07 9.488e-06]  [271 -7 19]
 ST 15-3s 5.586e+00  [-182 7.517e-10 2.660e-11 3.026e-02]  [78 -8 5]
 ST 16-1  5.837e+00  [0 1.000e+00 3.521e-02 9.709e-06]  [274 -5 6]
 ST 16-2  5.906e+00  [-92 2.371e-05 8.346e-07 9.787e-06]  [275 -9 25]
 ST 16-3s 5.963e+00  [-182 7.574e-10 2.667e-11 2.921e-02]  [69 -7 7]
 ST 17-1  6.213e+00  [0 1.000e+00 3.443e-02 9.831e-06]  [270 -4 5]
 ST 17-2  6.279e+00  [-92 2.475e-05 8.522e-07 9.966e-06]  [304 -17 24]
 ST 17-3s 6.334e+00  [-182 7.809e-10 2.689e-11 2.957e-02]  [76 -8 7]
 ST 18-1  6.585e+00  [0 1.000e+00 3.324e-02 9.685e-06]  [268 -4 6]
 ST 18-2  6.649e+00  [-90 2.929e-05 9.738e-07 9.735e-06]  [283 -11 22]
 ST 18-3s 6.707e+00  [-181 8.353e-10 2.777e-11 2.813e-02]  [69 -8 9]
 ST 19-1  6.979e+00  [0 1.000e+00 2.886e-02 9.907e-06]  [274 -5 6]
 ST 19-2  7.045e+00  [-90 2.962e-05 8.549e-07 9.771e-06]  [282 -11 23]
 ST 19-3s 7.102e+00  [-180 9.160e-10 2.644e-11 3.062e-02]  [58 -2 5]
 ST 20-1  7.363e+00  [0 1.000e+00 2.766e-02 9.828e-06]  [277 -7 6]
 ST 20-2  7.429e+00  [-97 1.262e-05 3.491e-07 9.979e-06]  [306 -18 24]
 ST 20-3s 7.483e+00  [-180 9.185e-10 2.540e-11 3.126e-02]  [49 -35 6]
 ST 21-1  7.735e+00  [0 1.000e+00 2.502e-02 9.854e-06]  [289 -10 6]
 ST 21-2  7.806e+00  [-93 2.057e-05 5.146e-07 9.900e-06]  [327 -5 27]
 ST 21-3s 7.863e+00  [-179 1.007e-09 2.519e-11 3.199e-02]  [47 -34 5]
 ST 22-1  8.122e+00  [0 1.000e+00 2.415e-02 9.708e-06]  [281 -7 6]
 ST 22-2  8.190e+00  [-91 2.565e-05 6.194e-07 9.631e-06]  [278 -10 24]
 ST 22-3s 8.245e+00  [-179 1.105e-09 2.669e-11 2.977e-02]  [57 -1 5]
 ST 23-1  8.505e+00  [0 1.000e+00 2.248e-02 9.797e-06]  [267 -3 5]
 ST 23-2  8.576e+00  [-94 1.902e-05 4.277e-07 9.759e-06]  [323 -4 23]
 ST 23-3s 8.632e+00  [-178 1.166e-09 2.621e-11 3.049e-02]  [47 -35 4]
 ST 24-1  8.888e+00  [0 1.000e+00 2.098e-02 9.795e-06]  [271 -5 5]
 ST 24-2  8.956e+00  [-93 2.200e-05 4.615e-07 9.694e-06]  [277 -9 22]
 ST 24-3s 9.012e+00  [-178 1.218e-09 2.555e-11 3.157e-02]  [63 -3 5]
 ST 25-1  9.269e+00  [0 1.000e+00 2.124e-02 9.919e-06]  [271 -4 5]
 ST 25-2  9.336e+00  [-95 1.688e-05 3.586e-07 9.666e-06]  [286 -13 22]
 ST 25-3s 9.391e+00  [-178 1.238e-09 2.630e-11 2.843e-02]  [46 -36 4]
 ST 26-1  9.644e+00  [0 1.000e+00 1.866e-02 9.882e-06]  [280 -7 6]
 ST 26-2  9.712e+00  [-96 1.455e-05 2.716e-07 9.970e-06]  [303 -15 26]
 ST 26-3s 9.767e+00  [-177 1.379e-09 2.574e-11 3.123e-02]  [48 -35 5]
 ST 27-1  1.002e+01  [0 1.000e+00 1.873e-02 9.792e-06]  [267 -3 6]
 ST 27-2  1.009e+01  [-98 1.238e-05 2.319e-07 9.646e-06]  [294 -16 24]
 ST 27-3s 1.014e+01  [-177 1.334e-09 2.499e-11 3.121e-02]  [44 -35 4]
 ST 28-1  1.039e+01  [0 1.000e+00 1.480e-02 9.777e-06]  [284 -8 6]
 ST 28-2  1.045e+01  [-93 2.047e-05 3.029e-07 9.853e-06]  [302 -16 23]
 ST 28-3s 1.051e+01  [-175 1.767e-09 2.615e-11 3.035e-02]  [49 -35 5]
 ST 29-1  1.075e+01  [0 1.000e+00 1.425e-02 9.783e-06]  [290 -10 5]
 ST 29-2  1.083e+01  [-93 2.010e-05 2.865e-07 9.850e-06]  [330 -6 22]
 ST 29-3s 1.088e+01  [-174 1.832e-09 2.611e-11 3.055e-02]  [45 -35 4]
 ST 30-1  1.114e+01  [0 1.000e+00 2.420e-01 9.990e-06]  [295 -12 6]
 ST 30-2  1.120e+01  [-63 6.649e-04 1.609e-04 9.804e-06]  [230 -9 19]
 ST 30-3s 1.126e+01  [-163 6.519e-09 1.578e-09 5.092e-04]  [184 -12 17]
 ST 31-1  1.152e+01  [0 1.000e+00 9.844e+00 9.788e-06]  [293 -12 6]
 ST 31-2  1.158e+01  [-32 2.502e-02 2.463e-01 9.684e-06]  [211 -2 20]
 ST 31-3s 1.165e+01  [-130 3.097e-07 3.049e-06 9.838e-06]  [365 -2 29]
 ST 32-1  1.193e+01  [0 1.000e+00 7.537e+00 9.990e-06]  [315 -2 8]
 ST 32-2  1.200e+01  [-29 3.378e-02 2.546e-01 9.932e-06]  [215 -3 15]
 ST 32-3s 1.207e+01  [-126 4.850e-07 3.656e-06 9.746e-06]  [351 -14 28]
 ST 33-1  1.232e+01  [0 1.000e+00 1.037e+01 9.813e-06]  [294 -12 6]
 ST 33-2  1.238e+01  [-37 1.315e-02 1.364e-01 9.741e-06]  [213 -2 19]
 ST 33-3s 1.245e+01  [-133 2.103e-07 2.181e-06 9.866e-06]  [334 -9 25]
 ST 34-1  1.271e+01  [0 1.000e+00 8.939e+00 9.917e-06]  [275 -6 6]
 ST 34-2  1.277e+01  [-42 7.728e-03 6.909e-02 9.907e-06]  [206 0 18]
 ST 34-3s 1.284e+01  [-135 1.631e-07 1.458e-06 9.959e-06]  [318 -3 25]
 ST 35-1  1.309e+01  [0 1.000e+00 9.161e+00 9.906e-06]  [277 -7 5]
 ST 35-2  1.316e+01  [-33 2.040e-02 1.869e-01 9.746e-06]  [239 -12 17]
 ST 35-3s 1.322e+01  [-106 4.759e-06 4.359e-05 9.834e-06]  [246 -15 17]
 ST 36-1  1.348e+01  [0 1.000e+00 1.092e+01 9.812e-06]  [278 -7 6]
 ST 36-2  1.354e+01  [-28 3.591e-02 3.921e-01 9.663e-06]  [234 -10 20]
 ST 36-3  1.361e+01  [-85 5.333e-05 5.824e-04 9.739e-06]  [239 -12 19]
 ST 36-4s 1.367e+01  [-184 5.827e-10 6.363e-09 1.277e-04]  [244 -14 19]
 ST 37-1  1.392e+01  [0 1.000e+00 1.177e+01 9.794e-06]  [236 -13 5]
 ST 37-2  1.399e+01  [-41 8.230e-03 9.683e-02 9.965e-06]  [235 -11 20]
 ST 37-3s 1.405e+01  [-110 3.088e-06 3.634e-05 9.858e-06]  [213 -3 16]
 ST 38-1  1.431e+01  [0 1.000e+00 9.722e+00 9.845e-06]  [232 -11 5]
 ST 38-2  1.437e+01  [-38 1.134e-02 1.102e-01 9.745e-06]  [211 -2 17]
 ST 38-3s 1.444e+01  [-123 6.759e-07 6.571e-06 9.819e-06]  [245 -18 21]
 ST 39-1  1.470e+01  [0 1.000e+00 7.406e+00 9.768e-06]  [252 -18 5]
 ST 39-2  1.476e+01  [-39 1.041e-02 7.707e-02 9.723e-06]  [219 -4 16]
 ST 39-3s 1.483e+01  [-116 1.512e-06 1.120e-05 9.733e-06]  [234 -13 17]
 ST 40-1  1.509e+01  [0 1.000e+00 6.409e+00 9.998e-06]  [247 -16 5]
 ST 40-2  1.515e+01  [-40 9.737e-03 6.240e-02 9.818e-06]  [199 -20 18]
 ST 40-3s 1.521e+01  [-125 5.480e-07 3.512e-06 9.671e-06]  [252 -19 18]
 ST 41-1  1.547e+01  [0 1.000e+00 3.210e+00 9.693e-06]  [265 -3 6]
 ST 41-2  1.554e+01  [-36 1.445e-02 4.638e-02 9.713e-06]  [230 -9 18]
 ST 41-3s 1.561e+01  [-126 4.988e-07 1.601e-06 9.549e-06]  [270 -5 19]
 ST 42-1  1.589e+01  [0 1.000e+00 3.248e+00 9.916e-06]  [261 -1 5]
 ST 42-2  1.595e+01  [-42 7.717e-03 2.507e-02 9.881e-06]  [215 -3 19]
 ST 42-3s 1.602e+01  [-137 1.358e-07 4.412e-07 9.811e-06]  [283 -11 21]
 ST 43-1  1.627e+01  [0 1.000e+00 2.104e+00 9.706e-06]  [258 -1 6]
 ST 43-2  1.633e+01  [-33 2.100e-02 4.419e-02 9.681e-06]  [188 -14 15]
 ST 43-3s 1.640e+01  [-132 2.365e-07 4.975e-07 9.681e-06]  [286 -13 21]
 ST 44-1  1.666e+01  [0 1.000e+00 1.964e+00 9.741e-06]  [261 -1 5]
 ST 44-2  1.672e+01  [-42 7.822e-03 1.536e-02 9.895e-06]  [198 -18 19]
 ST 44-3s 1.679e+01  [-141 8.780e-08 1.724e-07 9.740e-06]  [277 -9 19]
 ST 45-1  1.867e+01  [0 1.000e+00 1.553e+00 9.634e-06]  [265 -3 1]
 ST 45-2  1.873e+01  [-31 2.661e-02 4.132e-02 9.859e-06]  [196 -18 15]
 ST 45-3s 1.880e+01  [-126 4.678e-07 7.263e-07 9.896e-06]  [276 -7 19]
 ST 46-1  1.905e+01  [0 1.000e+00 1.217e+00 9.665e-06]  [253 -21 5]
 ST 46-2  1.912e+01  [-42 7.716e-03 9.389e-03 9.604e-06]  [182 -12 16]
 ST 46-3s 1.919e+01  [-142 7.506e-08 9.132e-08 9.696e-06]  [262 -3 22]
 ST 47-1  1.945e+01  [0 1.000e+00 1.560e+00 9.812e-06]  [249 -19 5]
 ST 47-2  1.952e+01  [-34 1.976e-02 3.082e-02 9.626e-06]  [181 -10 16]
 ST 47-3s 1.959e+01  [-133 2.152e-07 3.356e-07 9.569e-06]  [251 -20 20]
 ST 48-1  1.985e+01  [0 1.000e+00 1.022e+00 9.967e-06]  [263 -2 6]
 ST 48-2  1.991e+01  [-38 1.138e-02 1.163e-02 9.478e-06]  [183 -12 13]
 ST 48-3s 1.997e+01  [-139 1.105e-07 1.129e-07 9.947e-06]  [243 -16 18]
 ST 49-1  2.023e+01  [0 1.000e+00 1.902e+00 9.641e-06]  [237 -14 5]
 ST 49-2  2.029e+01  [-40 9.680e-03 1.841e-02 9.754e-06]  [192 -17 17]
 ST 49-3s 2.036e+01  [-138 1.193e-07 2.270e-07 9.760e-06]  [272 -7 22]
 ST 50-1  2.064e+01  [0 1.000e+00 1.118e+00 9.936e-06]  [244 -18 5]
 ST 50-2  2.069e+01  [-39 1.048e-02 1.171e-02 9.625e-06]  [182 -11 16]
 ST 50-3s 2.076e+01  [-139 1.055e-07 1.179e-07 9.763e-06]  [248 -19 21]
 ST 51-1  2.099e+01  [0 1.000e+00 1.274e+00 9.474e-06]  [234 -13 5]
 ST 51-2  2.105e+01  [-42 7.700e-03 9.808e-03 9.591e-06]  [183 -13 14]
 ST 51-3s 2.112e+01  [-142 7.546e-08 9.612e-08 9.836e-06]  [242 -16 19]
 ST 52-1  2.135e+01  [0 1.000e+00 9.019e-01 9.807e-06]  [248 -19 5]
 ST 52-2  2.142e+01  [-41 8.636e-03 7.788e-03 9.877e-06]  [183 -12 14]
 ST 52-3s 2.148e+01  [-141 8.712e-08 7.857e-08 1.019e-05]  [239 -15 18]
 ST 53-1  2.174e+01  [0 1.000e+00 1.101e+00 9.775e-06]  [239 -16 6]
 ST 53-2  2.180e+01  [-42 7.512e-03 8.271e-03 9.872e-06]  [200 -20 16]
 ST 53-3s 2.187e+01  [-141 8.008e-08 8.818e-08 9.598e-06]  [265 -4 19]
 ST 54-1  2.214e+01  [0 1.000e+00 7.553e-01 9.674e-06]  [243 -18 4]
 ST 54-2  2.221e+01  [-44 6.208e-03 4.689e-03 9.935e-06]  [191 -17 15]
 ST 54-3s 2.227e+01  [-144 6.272e-08 4.737e-08 1.715e-05]  [235 -12 17]
 ST 55-1  2.254e+01  [0 1.000e+00 7.935e-01 9.783e-06]  [245 -18 5]
 ST 55-2  2.260e+01  [-41 8.727e-03 6.925e-03 9.857e-06]  [180 -11 13]
 ST 55-3s 2.267e+01  [-141 8.866e-08 7.035e-08 1.077e-05]  [237 -15 19]
 ST 56-1  2.292e+01  [0 1.000e+00 6.363e-01 9.660e-06]  [236 -14 5]
 ST 56-2  2.298e+01  [-47 3.994e-03 2.542e-03 9.981e-06]  [179 -10 13]
 ST 56-3s 2.305e+01  [-147 4.001e-08 2.546e-08 3.192e-05]  [196 -19 16]
 ST 57-1  2.330e+01  [0 1.000e+00 7.114e-01 9.838e-06]  [243 -17 6]
 ST 57-2  2.336e+01  [-42 7.758e-03 5.519e-03 9.740e-06]  [195 -19 16]
 ST 57-3s 2.343e+01  [-142 7.797e-08 5.546e-08 1.425e-05]  [237 -14 17]
 ST 58-1  2.370e+01  [0 1.000e+00 5.557e-01 9.986e-06]  [229 -11 4]
 ST 58-2  2.376e+01  [-48 3.930e-03 2.184e-03 9.681e-06]  [186 -15 13]
 ST 58-3s 2.383e+01  [-148 3.828e-08 2.127e-08 3.726e-05]  [211 -2 17]
 ST 59-1  2.407e+01  [0 1.000e+00 6.270e-01 9.633e-06]  [240 -16 5]
 ST 59-2  2.413e+01  [-44 5.627e-03 3.528e-03 9.708e-06]  [171 -7 12]
 ST 59-3s 2.420e+01  [-145 5.521e-08 3.462e-08 2.297e-05]  [233 -13 19]
 ST 60-1  2.446e+01  [0 1.000e+00 4.905e-01 9.527e-06]  [234 -13 5]
 ST 60-2  2.452e+01  [-47 4.080e-03 2.001e-03 9.765e-06]  [174 -8 15]
 ST 60-3s 2.459e+01  [-147 4.002e-08 1.963e-08 4.114e-05]  [211 -2 18]
 ST 61-1  2.486e+01  [0 1.000e+00 5.027e-01 9.802e-06]  [237 -15 5]
 ST 61-2  2.492e+01  [-47 4.021e-03 2.021e-03 9.429e-06]  [193 -18 17]
 ST 61-3s 2.499e+01  [-148 3.801e-08 1.911e-08 4.265e-05]  [208 -1 17]
 ST 62-1  2.525e+01  [0 1.000e+00 4.278e-01 9.516e-06]  [237 -15 5]
 ST 62-2  2.531e+01  [-48 3.980e-03 1.703e-03 9.697e-06]  [185 -14 15]
 ST 62-3s 2.538e+01  [-148 3.870e-08 1.656e-08 4.747e-05]  [199 -22 17]
 ST 63-1  2.563e+01  [0 1.000e+00 4.749e-01 9.732e-06]  [231 -12 5]
 ST 63-2  2.570e+01  [-53 2.017e-03 9.579e-04 9.513e-06]  [178 -10 12]
 ST 63-3s 2.576e+01  [-154 1.920e-08 9.119e-09 8.811e-05]  [173 -8 13]
 ST 64-1  2.603e+01  [0 1.000e+00 3.957e-01 9.884e-06]  [233 -12 4]
 ST 64-2  2.610e+01  [-49 3.422e-03 1.354e-03 9.826e-06]  [178 -10 13]
 ST 64-3s 2.616e+01  [-149 3.370e-08 1.334e-08 6.072e-05]  [181 -15 13]
 ST 65-1  2.641e+01  [0 1.000e+00 3.450e-01 9.548e-06]  [225 -10 4]
 ST 65-2  2.647e+01  [-59 1.050e-03 3.622e-04 9.476e-06]  [196 -20 16]
 ST 65-3s 2.653e+01  [-160 9.973e-09 3.441e-09 2.344e-04]  [169 -8 14]
 ST 66-1  2.682e+01  [0 1.000e+00 3.473e-01 9.551e-06]  [233 -12 4]
 ST 66-2  2.688e+01  [-51 2.730e-03 9.483e-04 9.699e-06]  [182 -12 13]
 ST 66-3s 2.694e+01  [-151 2.652e-08 9.212e-09 8.838e-05]  [177 -14 16]
 ST 67-1  2.721e+01  [0 1.000e+00 3.530e-01 9.951e-06]  [211 -2 4]
 ST 67-2  2.727e+01  [-64 6.128e-04 2.163e-04 9.759e-06]  [182 -12 15]
 ST 67-3s 2.733e+01  [-164 5.983e-09 2.112e-09 3.841e-04]  [153 -25 13]
 ST 68-1  2.759e+01  [0 1.000e+00 3.108e-01 9.901e-06]  [229 -10 4]
 ST 68-2  2.765e+01  [-53 2.005e-03 6.232e-04 9.863e-06]  [180 -11 16]
 ST 68-3s 2.771e+01  [-154 1.980e-08 6.153e-09 1.313e-04]  [168 -8 16]
 ST 69-1  2.797e+01  [0 1.000e+00 2.521e-01 9.807e-06]  [217 -5 5]
 ST 69-2  2.803e+01  [-64 6.128e-04 1.545e-04 9.827e-06]  [185 -15 15]
 ST 69-3s 2.809e+01  [-164 6.025e-09 1.519e-09 5.196e-04]  [148 -22 12]
 ST 70-1  2.834e+01  [0 1.000e+00 2.883e-01 9.869e-06]  [226 -9 4]
 ST 70-2  2.840e+01  [-57 1.294e-03 3.732e-04 9.849e-06]  [177 -10 15]
 ST 70-3s 2.846e+01  [-157 1.276e-08 3.678e-09 2.220e-04]  [153 -26 13]
 ST 71-1  2.872e+01  [0 1.000e+00 2.672e-01 9.850e-06]  [221 -7 4]
 ST 71-2  2.878e+01  [-64 6.110e-04 1.632e-04 9.884e-06]  [183 -12 15]
 ST 71-3s 2.884e+01  [-164 6.040e-09 1.614e-09 5.050e-04]  [146 -22 15]
 ST 72-1  2.910e+01  [0 1.000e+00 2.483e-01 9.995e-06]  [224 -8 5]
 ST 72-2  2.916e+01  [-61 8.474e-04 2.104e-04 9.893e-06]  [182 -12 14]
 ST 72-3s 2.922e+01  [-161 8.385e-09 2.082e-09 3.770e-04]  [151 -25 15]
 ST 73-1  2.948e+01  [0 1.000e+00 2.072e-01 9.926e-06]  [223 -8 4]
 ST 73-2  2.954e+01  [-64 5.654e-04 1.172e-04 9.648e-06]  [190 -17 15]
 ST 73-3s 2.960e+01  [-165 5.456e-09 1.131e-09 6.760e-04]  [143 -20 12]
 ST 74-1  2.986e+01  [0 1.000e+00 2.458e-01 9.877e-06]  [219 -5 4]
 ST 74-2  2.992e+01  [-65 5.227e-04 1.285e-04 9.848e-06]  [184 -13 15]
 ST 74-3s 2.998e+01  [-165 5.149e-09 1.265e-09 6.336e-04]  [146 -21 12]
 ST 75-1  3.022e+01  [0 1.000e+00 2.086e-01 9.960e-06]  [219 -5 5]
 ST 75-2  3.029e+01  [-65 5.113e-04 1.067e-04 9.646e-06]  [182 -12 21]
 ST 75-3s 3.035e+01  [-166 4.934e-09 1.029e-09 7.603e-04]  [145 -20 14]
 ST 76-1  3.060e+01  [0 1.000e+00 2.064e-01 9.770e-06]  [218 -5 5]
 ST 76-2  3.065e+01  [-69 3.188e-04 6.580e-05 9.649e-06]  [191 -17 14]
 ST 76-3s 3.072e+01  [-170 3.079e-09 6.355e-10 1.233e-03]  [132 -13 13]
 ST 77-1  3.096e+01  [0 1.000e+00 1.909e-01 9.879e-06]  [222 -7 4]
 ST 77-2  3.103e+01  [-67 4.146e-04 7.917e-05 9.969e-06]  [187 -15 16]
 ST 77-3s 3.109e+01  [-167 4.135e-09 7.895e-10 9.635e-04]  [138 -16 12]
 ST 78-1  3.135e+01  [0 1.000e+00 2.051e-01 9.674e-06]  [214 -4 5]
 ST 78-2  3.142e+01  [-72 2.261e-04 4.639e-05 9.783e-06]  [191 -18 16]
 ST 78-3s 3.148e+01  [-173 2.217e-09 4.548e-10 1.730e-03]  [128 -12 10]
 ST 79-1  3.173e+01  [0 1.000e+00 1.799e-01 9.638e-06]  [213 -3 5]
 ST 79-2  3.180e+01  [-68 3.559e-04 6.403e-05 9.763e-06]  [186 -15 16]
 ST 79-3s 3.186e+01  [-169 3.479e-09 6.258e-10 1.272e-03]  [136 -15 10]
 ST 80-1  3.211e+01  [0 1.000e+00 1.718e-01 9.665e-06]  [202 -24 4]
 ST 80-2  3.217e+01  [-78 1.224e-04 2.103e-05 9.585e-06]  [198 -22 16]
 ST 80-3s 3.223e+01  [-178 1.184e-09 2.034e-10 3.906e-03]  [112 -3 9]
 ST 81-1  3.248e+01  [0 1.000e+00 1.840e-01 9.811e-06]  [215 -4 4]
 ST 81-2  3.254e+01  [-71 2.774e-04 5.104e-05 9.801e-06]  [190 -17 14]
 ST 81-3s 3.260e+01  [-171 2.724e-09 5.012e-10 1.623e-03]  [123 -9 8]
 ST 82-1  3.286e+01  [0 1.000e+00 1.647e-01 9.554e-06]  [196 -21 4]
 ST 82-2  3.292e+01  [-80 9.947e-05 1.639e-05 9.490e-06]  [197 -21 16]
 ST 82-3s 3.298e+01  [-180 9.591e-10 1.580e-10 5.128e-03]  [101 -26 9]
 ST 83-1  3.323e+01  [0 1.000e+00 1.683e-01 9.664e-06]  [213 -3 5]
 ST 83-2  3.329e+01  [-73 2.224e-04 3.742e-05 9.604e-06]  [193 -19 16]
 ST 83-3s 3.336e+01  [-173 2.141e-09 3.603e-10 2.189e-03]  [121 -8 11]
 ST 84-1  3.361e+01  [0 1.000e+00 1.472e-01 9.793e-06]  [197 -21 4]
 ST 84-2  3.367e+01  [-85 5.302e-05 7.805e-06 9.841e-06]  [208 -2 17]
 ST 84-3s 3.373e+01  [-185 5.567e-10 8.196e-11 9.682e-03]  [93 -21 7]
 ST 85-1  3.401e+01  [0 1.000e+00 1.696e-01 9.911e-06]  [209 -1 4]
 ST 85-2  3.408e+01  [-75 1.712e-04 2.902e-05 9.474e-06]  [196 -21 17]
 ST 85-3s 3.415e+01  [-175 1.632e-09 2.767e-10 2.878e-03]  [118 -7 9]
 ST 86-1  3.440e+01  [0 1.000e+00 1.394e-01 9.716e-06]  [194 -19 4]
 ST 86-2  3.447e+01  [-85 5.087e-05 7.093e-06 9.757e-06]  [208 -2 16]
 ST 86-3s 3.453e+01  [-185 5.412e-10 7.546e-11 1.081e-02]  [92 -20 8]
 ST 87-1  3.479e+01  [0 1.000e+00 1.464e-01 9.770e-06]  [211 -2 5]
 ST 87-2  3.485e+01  [-77 1.315e-04 1.925e-05 9.556e-06]  [199 -23 16]
 ST 87-3s 3.491e+01  [-177 1.272e-09 1.863e-10 4.204e-03]  [110 -2 10]
 ST 88-1  3.517e+01  [0 1.000e+00 1.396e-01 9.802e-06]  [195 -20 4]
 ST 88-2  3.523e+01  [-87 4.176e-05 5.828e-06 9.600e-06]  [213 -4 19]
 ST 88-3s 3.529e+01  [-186 4.534e-10 6.328e-11 1.230e-02]  [82 -16 5]
 ST 89-1  3.554e+01  [0 1.000e+00 1.364e-01 9.969e-06]  [203 -25 4]
 ST 89-2  3.560e+01  [-79 1.015e-04 1.384e-05 9.691e-06]  [200 -23 16]
 ST 89-3s 3.566e+01  [-179 1.007e-09 1.373e-10 5.814e-03]  [99 -25 8]
 ST 90-1  3.590e+01  [0 1.000e+00 1.490e-01 9.952e-06]  [191 -18 5]
 ST 90-2  3.596e+01  [-86 4.747e-05 7.073e-06 9.759e-06]  [210 -3 17]
 ST 90-3s 3.602e+01  [-185 5.026e-10 7.489e-11 1.077e-02]  [87 -18 9]
 ST 91-1  3.626e+01  [0 1.000e+00 1.201e-01 9.812e-06]  [204 -25 5]
 ST 91-2  3.633e+01  [-82 7.396e-05 8.884e-06 9.730e-06]  [203 -24 15]
 ST 91-3s 3.638e+01  [-182 7.610e-10 9.141e-11 8.900e-03]  [96 -22 10]
 ST 92-1  3.662e+01  [0 1.000e+00 1.680e-01 9.451e-06]  [190 -17 5]
 ST 92-2  3.668e+01  [-85 5.219e-05 8.767e-06 9.731e-06]  [207 -1 17]
 ST 92-3s 3.674e+01  [-185 5.366e-10 9.015e-11 8.767e-03]  [96 -22 9]
 ST 93-1  3.700e+01  [0 1.000e+00 1.180e-01 9.592e-06]  [197 -22 4]
 ST 93-2  3.706e+01  [-84 5.723e-05 6.752e-06 9.916e-06]  [201 -24 16]
 ST 93-3s 3.712e+01  [-184 6.175e-10 7.285e-11 1.078e-02]  [89 -19 7]
 ST 94-1  3.738e+01  [0 1.000e+00 2.056e-01 9.501e-06]  [178 -10 4]
 ST 94-2  3.745e+01  [-97 1.336e-05 2.747e-06 9.658e-06]  [211 -2 14]
 ST 94-3s 3.750e+01  [-194 1.964e-10 4.038e-11 2.004e-02]  [65 -8 6]
 ST 95-1  3.775e+01  [0 1.000e+00 2.815e+00 9.837e-06]  [162 -4 4]
 ST 95-2  3.781e+01  [-65 5.326e-04 1.500e-03 9.990e-06]  [178 -12 15]
 ST 95-3s 3.787e+01  [-165 5.401e-09 1.520e-08 5.236e-05]  [172 -11 15]
 ST 96-1  3.813e+01  [0 1.000e+00 2.865e+01 9.685e-06]  [162 -4 3]
 ST 96-2  3.819e+01  [-45 5.163e-03 1.479e-01 9.444e-06]  [168 -6 13]
 ST 96-3s 3.825e+01  [-122 7.133e-07 2.043e-05 9.603e-06]  [178 -11 14]
 ST 97-1  3.848e+01  [0 1.000e+00 1.594e+01 9.747e-06]  [184 -15 4]
 ST 97-2  3.854e+01  [-42 7.402e-03 1.180e-01 9.766e-06]  [171 -8 15]
 ST 97-3s 3.861e+01  [-122 7.316e-07 1.166e-05 9.543e-06]  [185 -14 16]
 ST 98-1  3.886e+01  [0 1.000e+00 2.193e+01 9.846e-06]  [188 -16 4]
 ST 98-2  3.892e+01  [-36 1.502e-02 3.293e-01 9.622e-06]  [175 -10 13]
 ST 98-3s 3.898e+01  [-106 4.933e-06 1.081e-04 9.717e-06]  [186 -17 13]
 ST 99-1  3.924e+01  [0 1.000e+00 1.419e+01 9.516e-06]  [185 -15 4]
 ST 99-2  3.930e+01  [-51 2.807e-03 3.985e-02 9.558e-06]  [178 -12 14]
 ST 99-3s 3.937e+01  [-147 4.376e-08 6.211e-07 9.921e-06]  [224 -7 16]
 ST 100-1  3.959e+01  [0 1.000e+00 1.522e+01 9.879e-06]  [177 -10 4]
 ST 100-2  3.965e+01  [-56 1.544e-03 2.350e-02 9.757e-06]  [198 -21 17]
 ST 100-3s 3.974e+01  [-147 4.181e-08 6.362e-07 9.615e-06]  [227 -12 10]
 ST 101-1  3.996e+01  [0 1.000e+00 7.327e+00 9.811e-06]  [181 -12 4]
 ST 101-2  4.002e+01  [-58 1.189e-03 8.714e-03 9.959e-06]  [198 -21 16]
 ST 101-3s 4.009e+01  [-150 2.859e-08 2.094e-07 9.745e-06]  [247 -19 20]
 ST 102-1  4.032e+01  [0 1.000e+00 7.907e+00 9.584e-06]  [200 -20 5]
 ST 102-2  4.039e+01  [-57 1.373e-03 1.086e-02 9.881e-06]  [211 -2 18]
 ST 102-3s 4.045e+01  [-154 1.790e-08 1.415e-07 9.728e-06]  [266 -4 20]
 ST 103-1  4.068e+01  [0 1.000e+00 3.556e+00 9.969e-06]  [200 -20 4]
 ST 103-2  4.075e+01  [-55 1.653e-03 5.877e-03 9.643e-06]  [212 -2 14]
 ST 103-3s 4.081e+01  [-149 3.269e-08 1.162e-07 9.650e-06]  [268 -5 20]
 ST 104-1  4.105e+01  [0 1.000e+00 5.234e+00 9.876e-06]  [213 -3 4]
 ST 104-2  4.111e+01  [-56 1.463e-03 7.655e-03 9.945e-06]  [201 -20 17]
 ST 104-3s 4.118e+01  [-155 1.695e-08 8.870e-08 9.977e-06]  [284 -12 22]
 ST 105-1  4.143e+01  [0 1.000e+00 3.103e+00 9.965e-06]  [201 -21 4]
 ST 105-2  4.149e+01  [-58 1.142e-03 3.543e-03 9.926e-06]  [217 -4 16]
 ST 105-3s 4.155e+01  [-151 2.816e-08 8.739e-08 9.596e-06]  [254 -20 22]
 ST 106-1  4.178e+01  [0 1.000e+00 3.636e+00 9.849e-06]  [223 -6 5]
 ST 106-2  4.185e+01  [-57 1.355e-03 4.929e-03 9.916e-06]  [211 -2 16]
 ST 106-3s 4.192e+01  [-151 2.532e-08 9.207e-08 9.686e-06]  [281 -10 21]
 ST 107-1  4.215e+01  [0 1.000e+00 2.369e+00 9.955e-06]  [225 -8 5]
 ST 107-2  4.221e+01  [-58 1.187e-03 2.813e-03 9.698e-06]  [225 -7 17]
 ST 107-3s 4.228e+01  [-151 2.691e-08 6.376e-08 1.276e-05]  [261 -1 20]
 ST 108-1  4.253e+01  [0 1.000e+00 2.720e+00 9.812e-06]  [237 -13 5]
 ST 108-2  4.259e+01  [-58 1.134e-03 3.085e-03 9.937e-06]  [216 -3 16]
 ST 108-3s 4.266e+01  [-156 1.433e-08 3.898e-08 2.023e-05]  [250 -18 16]
 ST 109-1  4.292e+01  [0 1.000e+00 2.631e+00 9.714e-06]  [248 -16 5]
 ST 109-2  4.299e+01  [-62 7.699e-04 2.026e-03 9.986e-06]  [217 -4 20]
 ST 109-3s 4.305e+01  [-162 7.886e-09 2.075e-08 3.752e-05]  [249 -17 19]
 ST 110-1  4.335e+01  [0 1.000e+00 2.563e+00 9.776e-06]  [234 -11 4]
 ST 110-2  4.342e+01  [-65 5.603e-04 1.436e-03 9.774e-06]  [224 -7 19]
 ST 110-3s 4.348e+01  [-165 5.488e-09 1.407e-08 5.769e-05]  [249 -17 20]
 ST 111-1  4.376e+01  [0 1.000e+00 2.240e+00 9.782e-06]  [233 -10 4]
 ST 111-2  4.383e+01  [-61 8.514e-04 1.907e-03 9.850e-06]  [214 -3 16]
 ST 111-3s 4.390e+01  [-161 8.410e-09 1.884e-08 4.287e-05]  [275 -7 19]
 ST 112-1  4.415e+01  [0 1.000e+00 2.035e+00 9.871e-06]  [253 -17 7]
 ST 112-2  4.421e+01  [-62 7.125e-04 1.450e-03 9.909e-06]  [227 -7 18]
 ST 112-3s 4.427e+01  [-163 7.057e-09 1.436e-08 5.561e-05]  [248 -16 18]
 ST 113-1  4.453e+01  [0 1.000e+00 1.864e+00 9.919e-06]  [275 -6 5]
 ST 113-2  4.460e+01  [-61 8.330e-04 1.553e-03 9.861e-06]  [229 -8 17]
 ST 113-3s 4.466e+01  [-161 8.215e-09 1.531e-08 5.203e-05]  [241 -13 17]
 ST 114-1  4.495e+01  [0 1.000e+00 1.788e+00 9.864e-06]  [282 -8 4]
 ST 114-2  4.501e+01  [-61 8.728e-04 1.560e-03 9.767e-06]  [226 -7 17]
 ST 114-3s 4.508e+01  [-161 8.542e-09 1.527e-08 5.295e-05]  [267 -4 21]
 ST 115-1  4.535e+01  [0 1.000e+00 1.655e+00 9.943e-06]  [280 -7 5]
 ST 115-2  4.541e+01  [-59 1.089e-03 1.802e-03 9.991e-06]  [222 -6 16]
 ST 115-3s 4.548e+01  [-159 1.089e-08 1.802e-08 4.413e-05]  [278 -9 18]
 ST 116-1  4.573e+01  [0 1.000e+00 1.466e+00 9.897e-06]  [279 -7 6]
 ST 116-2  4.579e+01  [-58 1.202e-03 1.763e-03 9.743e-06]  [223 -6 18]
 ST 116-3s 4.586e+01  [-158 1.172e-08 1.718e-08 4.546e-05]  [270 -5 24]
 ST 117-1  4.610e+01  [0 1.000e+00 1.279e+00 9.801e-06]  [286 -9 8]
 ST 117-2  4.617e+01  [-60 9.900e-04 1.267e-03 9.793e-06]  [230 -8 16]
 ST 117-3s 4.624e+01  [-160 9.700e-09 1.241e-08 6.320e-05]  [243 -13 17]
 ST 118-1  4.652e+01  [0 1.000e+00 1.150e+00 9.702e-06]  [292 -12 6]
 ST 118-2  4.659e+01  [-61 8.107e-04 9.323e-04 9.759e-06]  [235 -10 19]
 ST 118-3s 4.667e+01  [-162 7.911e-09 9.098e-09 8.927e-05]  [241 -12 19]
 ST 119-1  4.697e+01  [0 1.000e+00 1.051e+00 9.766e-06]  [294 -12 7]
 ST 119-2  4.704e+01  [-62 7.509e-04 7.894e-04 9.749e-06]  [234 -10 18]
 ST 119-3s 4.712e+01  [-162 7.321e-09 7.696e-09 1.049e-04]  [241 -12 18]
 ST 120-1  4.740e+01  [0 1.000e+00 9.551e-01 9.648e-06]  [295 -13 6]
 ST 120-2  4.748e+01  [-59 1.010e-03 9.647e-04 9.628e-06]  [222 -6 18]
 ST 120-3s 4.755e+01  [-160 9.728e-09 9.291e-09 8.653e-05]  [269 -5 20]
 ST 121-1  4.784e+01  [0 1.000e+00 8.443e-01 9.989e-06]  [294 -12 6]
 ST 121-2  4.791e+01  [-60 9.294e-04 7.847e-04 9.980e-06]  [227 -7 18]
 ST 121-3s 4.799e+01  [-160 9.275e-09 7.831e-09 1.029e-04]  [237 -10 18]
 ST 122-1  4.851e+01  [0 1.000e+00 7.446e-01 9.964e-06]  [294 -12 3]
 ST 122-2  4.858e+01  [-64 5.918e-04 4.407e-04 9.755e-06]  [242 -12 19]
 ST 122-3s 4.866e+01  [-164 5.774e-09 4.299e-09 1.859e-04]  [226 -6 18]
 ST 123-1  4.894e+01  [0 1.000e+00 6.643e-01 9.931e-06]  [295 -13 6]
 ST 123-2  4.902e+01  [-64 6.120e-04 4.066e-04 9.850e-06]  [241 -12 19]
 ST 123-3s 4.910e+01  [-164 6.028e-09 4.005e-09 1.984e-04]  [221 -4 16]
 ST 124-1  4.939e+01  [0 1.000e+00 6.000e-01 9.954e-06]  [295 -13 6]
 ST 124-2  4.946e+01  [-66 4.980e-04 2.988e-04 9.773e-06]  [244 -13 18]
 ST 124-3s 4.954e+01  [-166 4.867e-09 2.920e-09 2.688e-04]  [219 -3 17]
 ST 125-1  4.983e+01  [0 1.000e+00 5.320e-01 9.917e-06]  [296 -13 6]
 ST 125-2  4.990e+01  [-64 5.753e-04 3.061e-04 9.829e-06]  [233 -10 20]
 ST 125-3s 4.998e+01  [-164 5.655e-09 3.009e-09 2.677e-04]  [192 -14 16]
 ST 126-1  5.030e+01  [0 1.000e+00 4.807e-01 9.732e-06]  [297 -13 7]
 ST 126-2  5.038e+01  [-64 6.301e-04 3.029e-04 9.883e-06]  [230 -9 17]
 ST 126-3s 5.046e+01  [-164 6.228e-09 2.993e-09 2.659e-04]  [190 -13 15]
 ST 127-1  5.242e+01  [0 1.000e+00 4.288e-01 9.932e-06]  [298 -14 1]
 ST 127-2  5.251e+01  [-68 3.974e-04 1.704e-04 9.987e-06]  [238 -12 18]
 ST 127-3s 5.259e+01  [-168 3.970e-09 1.702e-09 4.711e-04]  [191 -13 15]
 ST 128-1  5.295e+01  [0 1.000e+00 3.937e-01 9.740e-06]  [297 -13 6]
 ST 128-2  5.303e+01  [-67 4.364e-04 1.718e-04 9.824e-06]  [236 -12 20]
 ST 128-3s 5.310e+01  [-167 4.288e-09 1.688e-09 4.779e-04]  [189 -12 14]
 ST 129-1  5.340e+01  [0 1.000e+00 3.563e-01 9.679e-06]  [292 -11 6]
 ST 129-2  5.348e+01  [-68 3.644e-04 1.298e-04 9.821e-06]  [240 -13 20]
 ST 129-3s 5.355e+01  [-168 3.580e-09 1.276e-09 6.203e-04]  [173 -9 14]
 ST 130-1  5.383e+01  [0 1.000e+00 3.204e-01 9.713e-06]  [287 -10 6]
 ST 130-2  5.390e+01  [-70 2.881e-04 9.229e-05 9.790e-06]  [264 -2 20]
 ST 130-3s 5.398e+01  [-170 2.822e-09 9.041e-10 8.953e-04]  [163 -4 14]
 ST 131-1  5.426e+01  [0 1.000e+00 2.800e-01 9.985e-06]  [291 -11 6]
 ST 131-2  5.434e+01  [-68 3.753e-04 1.051e-04 9.988e-06]  [229 -10 20]
 ST 131-3s 5.441e+01  [-168 3.751e-09 1.050e-09 7.660e-04]  [210 -1 16]
 ST 132-1  5.469e+01  [0 1.000e+00 2.510e-01 9.975e-06]  [301 -15 7]
 ST 132-2  5.477e+01  [-68 3.786e-04 9.505e-05 9.758e-06]  [227 -9 17]
 ST 132-3s 5.485e+01  [-168 3.696e-09 9.279e-10 8.592e-04]  [218 -3 17]
 ST 133-1  5.519e+01  [0 1.000e+00 2.305e-01 9.883e-06]  [301 -15 6]
 ST 133-2  5.527e+01  [-69 3.433e-04 7.911e-05 9.878e-06]  [235 -12 18]
 ST 133-3s 5.534e+01  [-169 3.393e-09 7.820e-10 9.957e-04]  [173 -8 15]
 ST 134-1  5.564e+01  [0 1.000e+00 2.109e-01 9.823e-06]  [291 -11 6]
 ST 134-2  5.571e+01  [-71 2.539e-04 5.355e-05 9.863e-06]  [258 0 20]
 ST 134-3s 5.579e+01  [-172 2.507e-09 5.288e-10 1.511e-03]  [186 -12 16]
 ST 135-1  5.608e+01  [0 1.000e+00 1.900e-01 9.967e-06]  [282 -8 6]
 ST 135-2  5.616e+01  [-73 2.223e-04 4.223e-05 9.986e-06]  [249 -15 22]
 ST 135-3s 5.623e+01  [-173 2.223e-09 4.225e-10 1.914e-03]  [186 -11 14]
 ST 136-1  5.652e+01  [0 1.000e+00 1.638e-01 9.762e-06]  [284 -9 6]
 ST 136-2  5.660e+01  [-73 2.155e-04 3.530e-05 9.830e-06]  [250 -15 20]
 ST 136-3s 5.667e+01  [-173 2.124e-09 3.480e-10 2.342e-03]  [183 -9 14]
 ST 137-1  5.701e+01  [0 1.000e+00 1.435e-01 9.950e-06]  [298 -14 6]
 ST 137-2  5.708e+01  [-72 2.393e-04 3.435e-05 9.718e-06]  [236 -13 19]
 ST 137-3s 5.716e+01  [-172 2.334e-09 3.349e-10 2.438e-03]  [143 -15 12]
 ST 138-1  5.745e+01  [0 1.000e+00 1.289e-01 9.980e-06]  [308 0 7]
 ST 138-2  5.752e+01  [-71 2.745e-04 3.539e-05 9.672e-06]  [242 -14 20]
 ST 138-3s 5.759e+01  [-171 2.664e-09 3.434e-10 2.323e-03]  [146 -18 13]
 ST 139-1  5.788e+01  [0 1.000e+00 1.200e-01 9.935e-06]  [299 -14 6]
 ST 139-2  5.795e+01  [-72 2.278e-04 2.732e-05 9.811e-06]  [248 -16 19]
 ST 139-3s 5.803e+01  [-172 2.246e-09 2.695e-10 2.813e-03]  [148 -17 13]
 ST 140-1  5.832e+01  [0 1.000e+00 1.073e-01 9.682e-06]  [284 -9 6]
 ST 140-2  5.840e+01  [-77 1.348e-04 1.447e-05 9.857e-06]  [247 -15 18]
 ST 140-3s 5.847e+01  [-177 1.353e-09 1.452e-10 5.537e-03]  [145 -14 12]
 ST 141-1  5.875e+01  [0 1.000e+00 9.469e-02 9.840e-06]  [290 -11 6]
 ST 141-2  5.882e+01  [-72 2.276e-04 2.155e-05 9.993e-06]  [259 -1 21]
 ST 141-3s 5.889e+01  [-172 2.294e-09 2.172e-10 3.636e-03]  [159 -2 13]
 ST 142-1  5.919e+01  [0 1.000e+00 8.067e-02 9.897e-06]  [288 -10 6]
 ST 142-2  5.927e+01  [-75 1.745e-04 1.408e-05 9.667e-06]  [271 -4 22]
 ST 142-3s 5.934e+01  [-175 1.719e-09 1.387e-10 5.743e-03]  [146 -15 11]
 ST 143-1  5.967e+01  [0 1.000e+00 6.933e-02 9.847e-06]  [302 -15 5]
 ST 143-2  5.975e+01  [-77 1.316e-04 9.125e-06 9.642e-06]  [274 -5 23]
 ST 143-3s 5.982e+01  [-177 1.324e-09 9.182e-11 8.856e-03]  [79 -16 8]
 ST 144-1  6.010e+01  [0 1.000e+00 6.464e-02 9.856e-06]  [310 -1 7]
 ST 144-2  6.017e+01  [-70 2.884e-04 1.864e-05 9.873e-06]  [249 -16 19]
 ST 144-3s 6.024e+01  [-170 2.878e-09 1.860e-10 4.255e-03]  [145 -14 11]
 ST 145-1  6.055e+01  [0 1.000e+00 5.901e-02 9.866e-06]  [303 -15 6]
 ST 145-2  6.063e+01  [-75 1.607e-04 9.485e-06 9.833e-06]  [270 -3 21]
 ST 145-3s 6.070e+01  [-175 1.648e-09 9.724e-11 8.149e-03]  [129 -7 10]
 ST 146-1  6.108e+01  [0 1.000e+00 5.337e-02 9.856e-06]  [286 -9 5]
 ST 146-2  6.115e+01  [-79 1.024e-04 5.464e-06 9.853e-06]  [268 -4 20]
 ST 146-3s 6.122e+01  [-178 1.125e-09 6.005e-11 1.337e-02]  [111 -1 9]
 ST 147-1  6.152e+01  [0 1.000e+00 4.530e-02 9.923e-06]  [300 -15 6]
 ST 147-2  6.160e+01  [-72 2.387e-04 1.081e-05 9.903e-06]  [259 0 21]
 ST 147-3s 6.166e+01  [-172 2.433e-09 1.102e-10 7.389e-03]  [144 -13 13]
 ST 148-1  6.193e+01  [0 1.000e+00 3.869e-02 9.983e-06]  [294 -13 6]
 ST 148-2  6.200e+01  [-77 1.398e-04 5.411e-06 9.774e-06]  [277 -7 21]
 ST 148-3s 6.207e+01  [-176 1.546e-09 5.980e-11 1.315e-02]  [80 -15 6]
 ST 149-1  6.232e+01  [0 1.000e+00 3.337e-02 9.762e-06]  [300 -14 6]
 ST 149-2  6.239e+01  [-76 1.518e-04 5.066e-06 9.707e-06]  [277 -7 21]
 ST 149-3s 6.245e+01  [-175 1.678e-09 5.600e-11 1.428e-02]  [75 -14 6]
 ST 150-1  6.281e+01  [0 1.000e+00 3.201e-02 9.891e-06]  [315 -2 5]
 ST 150-2  6.289e+01  [-72 2.287e-04 7.321e-06 9.893e-06]  [265 -2 22]
 ST 150-3s 6.295e+01  [-172 2.414e-09 7.728e-11 1.049e-02]  [114 -2 11]
 ST 151-1  6.320e+01  [0 1.000e+00 2.942e-02 9.989e-06]  [317 -3 8]
 ST 151-2  6.328e+01  [-77 1.351e-04 3.975e-06 9.875e-06]  [286 -10 21]
 ST 151-3s 6.334e+01  [-175 1.611e-09 4.738e-11 1.697e-02]  [118 -3 9]
 ST 152-1  6.362e+01  [0 1.000e+00 2.565e-02 9.843e-06]  [288 -11 6]
 ST 152-2  6.370e+01  [-78 1.227e-04 3.149e-06 9.639e-06]  [264 -2 22]
 ST 152-3s 6.376e+01  [-176 1.577e-09 4.045e-11 2.004e-02]  [101 -17 9]
 ST 153-1  6.404e+01  [0 1.000e+00 2.236e-02 9.898e-06]  [317 -3 6]
 ST 153-2  6.412e+01  [-74 1.779e-04 3.977e-06 9.737e-06]  [275 -6 23]
 ST 153-3s 6.417e+01  [-173 2.126e-09 4.753e-11 1.662e-02]  [77 -14 7]
 ST 154-1  6.443e+01  [0 1.000e+00 1.853e-02 9.991e-06]  [311 -1 7]
 ST 154-2  6.450e+01  [-75 1.740e-04 3.225e-06 9.649e-06]  [274 -5 21]
 ST 154-3s 6.456e+01  [-173 2.212e-09 4.099e-11 1.873e-02]  [79 -15 7]
 ST 155-1  6.487e+01  [0 1.000e+00 1.717e-02 9.857e-06]  [279 -9 6]
 ST 155-2  6.495e+01  [-77 1.273e-04 2.185e-06 9.896e-06]  [246 -14 18]
 ST 155-3s 6.501e+01  [-173 2.043e-09 3.507e-11 2.311e-02]  [98 -16 9]
 ST 156-1  6.528e+01  [0 1.000e+00 1.595e-02 9.730e-06]  [321 -4 7]
 ST 156-2  6.535e+01  [-75 1.592e-04 2.539e-06 9.793e-06]  [276 -6 20]
 ST 156-3s 6.542e+01  [-172 2.309e-09 3.684e-11 2.104e-02]  [77 -14 8]
 ST 157-1  6.569e+01  [0 1.000e+00 1.548e-02 9.915e-06]  [320 -3 6]
 ST 157-2  6.575e+01  [-72 2.357e-04 3.649e-06 9.729e-06]  [271 -4 19]
 ST 157-3s 6.581e+01  [-170 2.835e-09 4.389e-11 1.846e-02]  [117 -3 15]
 ST 158-1  6.606e+01  [0 1.000e+00 1.334e-02 9.830e-06]  [315 -2 7]
 ST 158-2  6.613e+01  [-81 8.647e-05 1.153e-06 9.707e-06]  [301 -14 22]
 ST 158-3s 6.618e+01  [-173 2.187e-09 2.918e-11 2.761e-02]  [88 -12 7]
 ST 159-1  6.643e+01  [0 1.000e+00 1.283e-02 9.984e-06]  [308 0 6]
 ST 159-2  6.649e+01  [-77 1.401e-04 1.797e-06 9.962e-06]  [278 -7 20]
 ST 159-3s 6.655e+01  [-171 2.535e-09 3.251e-11 2.416e-02]  [63 -5 6]
 ST 160-1  6.684e+01  [0 1.000e+00 1.143e-02 9.897e-06]  [325 -5 5]
 ST 160-2  6.691e+01  [-70 3.026e-04 3.459e-06 9.969e-06]  [259 -1 22]
 ST 160-3s 6.697e+01  [-168 3.806e-09 4.351e-11 1.826e-02]  [122 -6 10]
 ST 161-1  6.724e+01  [0 1.000e+00 9.877e-03 9.930e-06]  [310 -1 6]
 ST 161-2  6.730e+01  [-82 7.259e-05 7.170e-07 9.798e-06]  [297 -13 21]
 ST 161-3s 6.736e+01  [-171 2.740e-09 2.706e-11 3.001e-02]  [76 -7 8]
 ST 162-1  6.759e+01  [0 1.000e+00 9.494e-03 9.806e-06]  [320 -3 7]
 ST 162-2  6.766e+01  [-74 1.853e-04 1.759e-06 9.961e-06]  [274 -5 20]
 ST 162-3s 6.772e+01  [-169 3.352e-09 3.183e-11 2.505e-02]  [78 -12 5]
 ST 163-1  6.796e+01  [0 1.000e+00 8.600e-03 9.926e-06]  [327 -5 7]
 ST 163-2  6.803e+01  [-69 3.204e-04 2.756e-06 9.872e-06]  [255 -16 21]
 ST 163-3s 6.809e+01  [-167 4.435e-09 3.814e-11 2.107e-02]  [111 -3 11]
 ST 164-1  6.832e+01  [0 1.000e+00 8.215e-03 9.785e-06]  [315 -2 7]
 ST 164-2  6.838e+01  [-85 5.156e-05 4.236e-07 9.968e-06]  [318 -3 24]
 ST 164-3s 6.845e+01  [-169 3.165e-09 2.600e-11 3.054e-02]  [63 -3 6]
 ST 165-1  6.879e+01  [0 1.000e+00 7.938e-03 9.842e-06]  [316 -2 5]
 ST 165-2  6.886e+01  [-74 1.801e-04 1.430e-06 9.988e-06]  [272 -4 21]
 ST 165-3s 6.892e+01  [-168 3.741e-09 2.970e-11 2.748e-02]  [77 -11 7]
 ST 166-1  6.922e+01  [0 1.000e+00 8.657e-03 9.787e-06]  [315 -2 6]
 ST 166-2  6.929e+01  [-73 2.148e-04 1.860e-06 9.976e-06]  [270 -4 22]
 ST 166-3s 6.936e+01  [-168 3.710e-09 3.212e-11 2.504e-02]  [87 -14 9]
 ST 167-1  6.963e+01  [0 1.000e+00 7.760e-03 9.981e-06]  [304 -15 6]
 ST 167-2  6.970e+01  [-87 4.431e-05 3.438e-07 9.774e-06]  [316 -3 24]
 ST 167-3s 6.977e+01  [-169 3.380e-09 2.623e-11 3.092e-02]  [57 -1 5]
 ST 168-1  7.004e+01  [0 1.000e+00 7.168e-03 9.954e-06]  [312 -1 7]
 ST 168-2  7.011e+01  [-76 1.417e-04 1.016e-06 9.672e-06]  [277 -6 21]
 ST 168-3s 7.018e+01  [-167 3.990e-09 2.860e-11 2.767e-02]  [50 -36 5]
 ST 169-1  7.048e+01  [0 1.000e+00 7.124e-03 9.784e-06]  [314 -2 6]
 ST 169-2  7.055e+01  [-75 1.762e-04 1.255e-06 9.988e-06]  [276 -6 23]
 ST 169-3s 7.061e+01  [-167 4.066e-09 2.897e-11 2.810e-02]  [62 -4 5]
 ST 170-1  7.088e+01  [0 1.000e+00 6.030e-03 9.973e-06]  [311 -1 8]
 ST 170-2  7.095e+01  [-83 6.603e-05 3.982e-07 9.868e-06]  [302 -15 25]
 ST 170-3s 7.101e+01  [-167 4.354e-09 2.625e-11 3.038e-02]  [61 -2 6]
 ST 171-1  7.127e+01  [0 1.000e+00 5.647e-03 9.995e-06]  [314 -2 7]
 ST 171-2  7.135e+01  [-79 1.011e-04 5.710e-07 9.897e-06]  [283 -9 23]
 ST 171-3s 7.141e+01  [-166 4.977e-09 2.810e-11 2.878e-02]  [59 -2 6]
 ST 172-1  7.168e+01  [0 1.000e+00 5.892e-03 9.880e-06]  [320 -3 8]
 ST 172-2  7.175e+01  [-75 1.617e-04 9.528e-07 9.606e-06]  [275 -6 22]
 ST 172-3s 7.182e+01  [-166 4.816e-09 2.837e-11 2.830e-02]  [65 -5 5]
 ST 173-1  7.210e+01  [0 1.000e+00 5.617e-03 9.998e-06]  [301 -15 6]
 ST 173-2  7.218e+01  [-82 7.277e-05 4.088e-07 9.872e-06]  [295 -12 24]
 ST 173-3s 7.224e+01  [-166 4.810e-09 2.702e-11 2.950e-02]  [63 -3 8]
 ST 174-1  7.254e+01  [0 1.000e+00 5.962e-03 9.817e-06]  [298 -14 6]
 ST 174-2  7.262e+01  [-86 4.868e-05 2.902e-07 9.824e-06]  [311 -1 23]
 ST 174-3s 7.268e+01  [-167 4.386e-09 2.615e-11 3.022e-02]  [50 -35 5]
 ST 175-1  7.295e+01  [0 1.000e+00 6.391e-03 9.894e-06]  [311 -1 8]
 ST 175-2  7.303e+01  [-77 1.317e-04 8.418e-07 9.927e-06]  [279 -7 22]
 ST 175-3s 7.309e+01  [-167 4.358e-09 2.785e-11 2.883e-02]  [54 -1 5]
 ST 176-1  7.336e+01  [0 1.000e+00 6.130e-03 9.823e-06]  [294 -13 7]
 ST 176-2  7.343e+01  [-83 6.725e-05 4.122e-07 9.967e-06]  [292 -13 22]
 ST 176-3s 7.349e+01  [-167 4.351e-09 2.667e-11 2.986e-02]  [55 -1 5]
 ST 177-1  7.376e+01  [0 1.000e+00 6.001e-03 9.823e-06]  [302 -15 6]
 ST 177-2  7.384e+01  [-90 3.074e-05 1.845e-07 9.712e-06]  [328 -6 26]
 ST 177-3s 7.390e+01  [-167 4.196e-09 2.518e-11 3.102e-02]  [41 -35 3]
 ST 178-1  7.419e+01  [0 1.000e+00 5.378e-03 9.811e-06]  [320 -3 7]
 ST 178-2  7.426e+01  [-77 1.303e-04 7.006e-07 9.929e-06]  [279 -8 22]
 ST 178-3s 7.432e+01  [-166 4.900e-09 2.635e-11 3.075e-02]  [48 -35 6]
 ST 179-1  7.459e+01  [0 1.000e+00 4.829e-03 9.748e-06]  [306 -16 6]
 ST 179-2  7.466e+01  [-82 7.196e-05 3.475e-07 9.842e-06]  [288 -10 23]
 ST 179-3s 7.472e+01  [-165 5.227e-09 2.524e-11 3.212e-02]  [55 -1 5]
 ST 180-1  7.504e+01  [0 1.000e+00 4.485e-03 9.858e-06]  [313 -2 7]
 ST 180-2  7.511e+01  [-89 3.543e-05 1.589e-07 9.955e-06]  [330 -7 26]
 ST 180-3s 7.517e+01  [-164 5.708e-09 2.560e-11 3.176e-02]  [39 -34 3]
 ST 181-1  7.542e+01  [0 1.000e+00 4.802e-03 9.899e-06]  [319 -3 7]
 ST 181-2  7.550e+01  [-79 1.115e-04 5.354e-07 9.736e-06]  [286 -11 21]
 ST 181-3s 7.556e+01  [-165 5.492e-09 2.637e-11 3.093e-02]  [57 -1 5]
 ST 182-1  7.582e+01  [0 1.000e+00 5.169e-03 9.834e-06]  [298 -14 6]
 ST 182-2  7.589e+01  [-85 5.365e-05 2.773e-07 9.796e-06]  [309 -1 24]
 ST 182-3s 7.595e+01  [-166 4.916e-09 2.541e-11 3.157e-02]  [47 -35 5]
 ST 183-1  7.628e+01  [0 1.000e+00 5.131e-03 9.799e-06]  [300 -15 6]
 ST 183-2  7.636e+01  [-92 2.479e-05 1.272e-07 9.770e-06]  [340 -10 27]
 ST 183-3s 7.642e+01  [-166 4.896e-09 2.512e-11 3.172e-02]  [33 -35 3]
 ST 184-1  7.671e+01  [0 1.000e+00 5.842e-03 9.841e-06]  [297 -14 7]
 ST 184-2  7.679e+01  [-83 6.889e-05 4.024e-07 9.990e-06]  [301 -14 23]
 ST 184-3s 7.686e+01  [-167 4.443e-09 2.596e-11 3.095e-02]  [62 -3 6]
 ST 185-1  7.717e+01  [0 1.000e+00 5.689e-03 9.768e-06]  [296 -14 7]
 ST 185-2  7.725e+01  [-88 3.977e-05 2.263e-07 9.961e-06]  [311 -1 22]
 ST 185-3s 7.732e+01  [-166 4.537e-09 2.581e-11 3.075e-02]  [45 -35 4]
 ST 186-1  7.762e+01  [0 1.000e+00 4.950e-03 9.997e-06]  [303 -15 6]
 ST 186-2  7.770e+01  [-94 1.886e-05 9.333e-08 9.929e-06]  [349 -14 25]
 ST 186-3s 7.775e+01  [-166 4.895e-09 2.423e-11 3.363e-02]  [22 -34 0]
 ST 187-1  7.800e+01  [0 1.000e+00 4.899e-03 9.930e-06]  [309 -1 7]
 ST 187-2  7.808e+01  [-83 6.696e-05 3.280e-07 9.723e-06]  [302 -15 22]
 ST 187-3s 7.814e+01  [-165 5.343e-09 2.617e-11 3.100e-02]  [53 0 5]
 ST 188-1  7.850e+01  [0 1.000e+00 4.415e-03 9.759e-06]  [315 -2 5]
 ST 188-2  7.857e+01  [-86 4.540e-05 2.004e-07 9.914e-06]  [321 -3 24]
 ST 188-3s 7.864e+01  [-164 5.685e-09 2.510e-11 3.163e-02]  [42 -35 3]
 ST 189-1  7.892e+01  [0 1.000e+00 4.048e-03 9.820e-06]  [305 -16 6]
 ST 189-2  7.900e+01  [-96 1.532e-05 6.200e-08 1.291e-05]  [338 -11 25]
 ST 189-3s 7.906e+01  [-164 5.945e-09 2.407e-11 3.328e-02]  [19 -34 2]
 ST 190-1  7.935e+01  [0 1.000e+00 4.291e-03 9.814e-06]  [310 -1 6]
 ST 190-2  7.943e+01  [-84 6.173e-05 2.648e-07 9.684e-06]  [303 -15 24]
 ST 190-3s 7.949e+01  [-164 5.665e-09 2.431e-11 3.299e-02]  [45 -34 5]
 ST 191-1  7.975e+01  [0 1.000e+00 4.553e-03 9.969e-06]  [300 -15 7]
 ST 191-2  7.983e+01  [-88 3.918e-05 1.784e-07 9.821e-06]  [322 -4 23]
 ST 191-3s 7.989e+01  [-165 5.378e-09 2.449e-11 3.304e-02]  [40 -34 3]
 ST 192-1  8.021e+01  [0 1.000e+00 4.954e-03 9.904e-06]  [284 -9 5]
 ST 192-2  8.029e+01  [-99 1.100e-05 5.452e-08 1.478e-05]  [270 -6 21]
 ST 192-3s 8.035e+01  [-165 5.128e-09 2.540e-11 3.145e-02]  [18 -35 0]
 ST 193-1  8.071e+01  [0 1.000e+00 5.145e-03 9.897e-06]  [297 -14 4]
 ST 193-2  8.078e+01  [-88 3.788e-05 1.949e-07 9.934e-06]  [314 -1 23]
 ST 193-3s 8.085e+01  [-166 4.718e-09 2.427e-11 3.340e-02]  [42 -34 3]
 ST 194-1  8.111e+01  [0 1.000e+00 5.287e-03 9.853e-06]  [292 -13 7]
 ST 194-2  8.118e+01  [-89 3.176e-05 1.679e-07 9.953e-06]  [279 -10 21]
 ST 194-3s 8.124e+01  [-166 4.791e-09 2.533e-11 3.117e-02]  [39 -35 3]
 ST 195-1  8.151e+01  [0 1.000e+00 5.379e-03 9.891e-06]  [277 -6 6]
 ST 195-2  8.159e+01  [-99 1.080e-05 5.811e-08 1.373e-05]  [278 -9 22]
 ST 195-3s 8.165e+01  [-166 4.471e-09 2.405e-11 3.304e-02]  [18 -34 2]
 ST 196-1  8.191e+01  [0 1.000e+00 5.313e-03 9.738e-06]  [308 0 6]
 ST 196-2  8.199e+01  [-91 2.578e-05 1.370e-07 9.765e-06]  [329 -7 25]
 ST 196-3s 8.206e+01  [-166 4.680e-09 2.486e-11 3.265e-02]  [35 -34 2]
 ST 197-1  8.232e+01  [0 1.000e+00 5.352e-03 9.974e-06]  [303 -15 6]
 ST 197-2  8.239e+01  [-90 2.932e-05 1.569e-07 9.986e-06]  [331 -7 24]
 ST 197-3s 8.245e+01  [-166 4.653e-09 2.490e-11 3.267e-02]  [39 -34 2]
 ST 198-1  8.275e+01  [0 1.000e+00 5.167e-03 9.725e-06]  [266 -3 5]
 ST 198-2  8.283e+01  [-99 1.048e-05 5.414e-08 1.476e-05]  [321 -3 24]
 ST 198-3s 8.289e+01  [-166 4.628e-09 2.391e-11 3.302e-02]  [19 -34 2]
 ST 199-1  8.317e+01  [0 1.000e+00 4.771e-03 9.780e-06]  [298 -14 7]
 ST 199-2  8.325e+01  [-93 2.003e-05 9.555e-08 9.862e-06]  [333 -8 28]
 ST 199-3s 8.332e+01  [-165 5.186e-09 2.474e-11 3.250e-02]  [22 -34 2]
 ST 200-1  8.357e+01  [0 1.000e+00 1.878e-02 9.893e-06]  [279 -6 6]
 ST 200-2  8.363e+01  [-96 1.499e-05 2.815e-07 9.695e-06]  [272 -7 29]
 ST 200-3s 8.372e+01  [-177 1.306e-09 2.452e-11 3.225e-02]  [48 -34 3]
 ST 201-1  8.398e+01  [0 1.000e+00 9.353e-01 9.998e-06]  [202 -17 7]
 ST 201-2  8.406e+01  [-78 1.192e-04 1.115e-04 9.962e-06]  [289 -10 20]
 ST 201-3s 8.416e+01  [-178 1.188e-09 1.111e-09 7.248e-04]  [220 -3 12]
