---------------------------------------------------------------------
 Eq     N-i     T       dB  Ri/R1   Ri/R0    R/Ri     lsIt   dB  %t
---------------------------------------------------------------------
 ST 1-1  1.323e+00  [0 1.000e+00 1.000e+00 9.995e-06]  [3802 0 89]
 ST 1-2  2.089e+00  [-5 5.198e-01 5.198e-01 9.995e-06]  [1977 -1 80]
 ST 1-3  3.873e+00  [-94 1.967e-05 1.967e-05 9.991e-06]  [5295 -1 91]
 ST 1-4s 5.006e+00  [-143 6.881e-08 6.881e-08 1.925e-05]  [3162 -1 86]
 ST 2-1  6.515e+00  [0 1.000e+00 3.061e+00 9.989e-06]  [2814 0 57]
 ST 2-2  7.457e+00  [-16 1.486e-01 4.550e-01 9.990e-06]  [2559 0 84]
 ST 2-3  8.971e+00  [-86 4.929e-05 1.509e-04 9.988e-06]  [4418 -1 90]
 ST 2-4s 1.022e+01  [-123 6.335e-07 1.939e-06 9.991e-06]  [3550 -1 88]
 ST 3-1  1.151e+01  [0 1.000e+00 1.425e+01 9.986e-06]  [2059 -1 49]
 ST 3-2  1.260e+01  [-43 6.610e-03 9.422e-02 9.991e-06]  [3049 -1 86]
 ST 3-3  1.393e+01  [-88 3.915e-05 5.580e-04 9.981e-06]  [3807 -1 88]
 ST 3-4s 1.519e+01  [-123 7.001e-07 9.979e-06 9.993e-06]  [3588 0 88]
 ST 4-1  1.628e+01  [0 1.000e+00 1.724e+01 9.983e-06]  [1621 -1 46]
 ST 4-2  1.729e+01  [-47 4.257e-03 7.339e-02 9.980e-06]  [2756 0 85]
 ST 4-3  1.861e+01  [-94 1.811e-05 3.122e-04 9.993e-06]  [3801 -1 88]
 ST 4-4s 1.972e+01  [-131 2.817e-07 4.857e-06 9.996e-06]  [3100 -1 86]
 ST 5-1  2.109e+01  [0 1.000e+00 1.255e+01 9.992e-06]  [2466 0 56]
 ST 5-2  2.187e+01  [-26 4.942e-02 6.205e-01 9.971e-06]  [2030 -1 80]
 ST 5-3  2.330e+01  [-86 4.852e-05 6.092e-04 9.996e-06]  [4139 0 89]
 ST 5-4s 2.434e+01  [-132 2.384e-07 2.993e-06 9.985e-06]  [2897 -1 85]
 ST 6-1  2.580e+01  [0 1.000e+00 4.970e+00 9.994e-06]  [2669 -1 57]
 ST 6-2  2.652e+01  [-21 8.865e-02 4.406e-01 9.975e-06]  [1850 -1 79]
 ST 6-3  2.789e+01  [-86 4.980e-05 2.475e-04 9.983e-06]  [3948 0 89]
 ST 6-4s 2.925e+01  [-145 5.379e-08 2.674e-07 9.994e-06]  [3893 0 89]
 ST 7-1  3.094e+01  [0 1.000e+00 1.597e+00 9.992e-06]  [3569 -1 65]
 ST 7-2  3.163e+01  [-32 2.343e-02 3.740e-02 9.975e-06]  [1738 0 78]
 ST 7-3s 3.311e+01  [-105 5.240e-06 8.368e-06 9.983e-06]  [4284 -1 90]
 ST 8-1  3.471e+01  [0 1.000e+00 1.048e+00 9.985e-06]  [3269 0 63]
 ST 8-2  3.555e+01  [-21 8.404e-02 8.809e-02 9.992e-06]  [2222 -1 82]
 ST 8-3  3.690e+01  [-90 3.128e-05 3.279e-05 9.995e-06]  [3881 0 89]
 ST 8-4s 3.809e+01  [-142 7.420e-08 7.777e-08 1.706e-05]  [3392 -1 87]
 ST 9-1  3.976e+01  [0 1.000e+00 1.248e+00 9.991e-06]  [3488 0 64]
 ST 9-2  4.074e+01  [-39 1.060e-02 1.323e-02 9.980e-06]  [2663 0 84]
 ST 9-3s 4.213e+01  [-109 3.395e-06 4.237e-06 9.995e-06]  [4054 0 89]
 ST 10-1  4.380e+01  [0 1.000e+00 1.865e+00 9.987e-06]  [3466 -1 64]
 ST 10-2  4.461e+01  [-32 2.348e-02 4.380e-02 9.990e-06]  [2153 0 81]
 ST 10-3s 4.600e+01  [-107 4.322e-06 8.061e-06 9.986e-06]  [4014 -1 89]
 ST 11-1  4.778e+01  [0 1.000e+00 8.138e-01 9.984e-06]  [3851 0 66]
 ST 11-2  4.881e+01  [-38 1.225e-02 9.967e-03 9.986e-06]  [2855 -1 85]
 ST 11-3s 5.031e+01  [-116 1.428e-06 1.162e-06 9.981e-06]  [4351 0 90]
 ST 12-1  5.210e+01  [0 1.000e+00 5.325e-01 9.992e-06]  [3898 -1 67]
 ST 12-2  5.287e+01  [-33 2.073e-02 1.104e-02 9.992e-06]  [2017 -1 80]
 ST 12-3s 5.431e+01  [-109 3.337e-06 1.777e-06 9.982e-06]  [4166 -1 89]
 ST 13-1  5.609e+01  [0 1.000e+00 3.875e-01 9.979e-06]  [3790 0 65]
 ST 13-2  5.702e+01  [-42 7.520e-03 2.914e-03 9.991e-06]  [2538 -1 84]
 ST 13-3s 5.849e+01  [-121 8.751e-07 3.391e-07 9.981e-06]  [4256 -1 90]
 ST 14-1  5.993e+01  [0 1.000e+00 6.336e-01 9.980e-06]  [2741 -1 59]
 ST 14-2  6.090e+01  [-42 7.322e-03 4.640e-03 9.991e-06]  [2654 0 84]
 ST 14-3s 6.252e+01  [-117 1.307e-06 8.283e-07 9.983e-06]  [4715 0 90]
 ST 15-1  6.438e+01  [0 1.000e+00 2.736e-01 9.982e-06]  [4091 0 68]
 ST 15-2  6.532e+01  [-46 4.803e-03 1.314e-03 9.979e-06]  [2559 0 83]
 ST 15-3s 6.684e+01  [-126 5.009e-07 1.370e-07 9.977e-06]  [4427 -1 90]
 ST 16-1  6.867e+01  [0 1.000e+00 2.616e-01 9.992e-06]  [4010 -1 67]
 ST 16-2  6.968e+01  [-50 2.902e-03 7.591e-04 9.982e-06]  [2785 -1 85]
 ST 16-3s 7.114e+01  [-124 5.627e-07 1.472e-07 9.996e-06]  [4226 -1 89]
 ST 17-1  7.299e+01  [0 1.000e+00 2.487e-01 9.987e-06]  [4080 -1 68]
 ST 17-2  7.407e+01  [-44 5.755e-03 1.431e-03 1.000e-05]  [2974 0 86]
 ST 17-3s 7.561e+01  [-125 5.129e-07 1.276e-07 1.039e-05]  [4507 0 90]
 ST 18-1  7.721e+01  [0 1.000e+00 2.620e-01 9.992e-06]  [3222 0 62]
 ST 18-2  7.836e+01  [-56 1.487e-03 3.897e-04 9.985e-06]  [3223 0 86]
 ST 18-3s 7.976e+01  [-133 2.118e-07 5.548e-08 2.389e-05]  [4042 0 89]
 ST 19-1  8.154e+01  [0 1.000e+00 1.804e-01 9.978e-06]  [3798 -1 66]
 ST 19-2  8.272e+01  [-58 1.190e-03 2.146e-04 9.999e-06]  [3334 0 87]
 ST 19-3s 8.400e+01  [-134 1.937e-07 3.495e-08 3.793e-05]  [3686 0 88]
 ST 20-1  8.584e+01  [0 1.000e+00 2.157e-01 9.986e-06]  [4011 -1 67]
 ST 20-2  8.695e+01  [-55 1.595e-03 3.441e-04 9.998e-06]  [3088 -1 86]
 ST 20-3s 8.826e+01  [-137 1.268e-07 2.736e-08 4.848e-05]  [3773 -1 88]
 ST 21-1  9.012e+01  [0 1.000e+00 2.065e-01 9.984e-06]  [4112 -1 68]
 ST 21-2  9.118e+01  [-52 2.260e-03 4.667e-04 9.995e-06]  [2930 0 85]
 ST 21-3s 9.249e+01  [-136 1.433e-07 2.959e-08 4.483e-05]  [3757 -1 88]
 ST 22-1  9.423e+01  [0 1.000e+00 1.687e-01 9.977e-06]  [3691 -1 65]
 ST 22-2  9.548e+01  [-64 5.637e-04 9.511e-05 9.983e-06]  [3534 0 88]
 ST 22-3s 9.656e+01  [-142 7.477e-08 1.261e-08 1.050e-04]  [3009 -1 86]
 ST 23-1  9.800e+01  [0 1.000e+00 1.463e-01 9.983e-06]  [2742 -1 59]
 ST 23-2  9.944e+01  [-72 2.358e-04 3.449e-05 9.981e-06]  [4197 0 89]
 ST 23-3s 1.006e+02  [-147 4.177e-08 6.110e-09 2.171e-04]  [3128 0 86]
 ST 24-1  1.024e+02  [0 1.000e+00 1.420e-01 9.988e-06]  [3898 -1 67]
 ST 24-2  1.035e+02  [-58 1.253e-03 1.778e-04 1.000e-05]  [3212 -1 86]
 ST 24-3s 1.048e+02  [-140 9.955e-08 1.413e-08 9.376e-05]  [3552 -1 88]
 ST 25-1  1.065e+02  [0 1.000e+00 1.251e-01 9.995e-06]  [3601 -1 65]
 ST 25-2  1.076e+02  [-58 1.135e-03 1.419e-04 9.985e-06]  [3271 0 87]
 ST 25-3s 1.089e+02  [-140 9.172e-08 1.147e-08 1.157e-04]  [3514 -1 87]
 ST 26-1  1.106e+02  [0 1.000e+00 1.238e-01 9.984e-06]  [3795 -1 66]
 ST 26-2  1.120e+02  [-66 4.930e-04 6.103e-05 9.978e-06]  [3788 0 89]
 ST 26-3s 1.131e+02  [-146 4.638e-08 5.742e-09 2.308e-04]  [3377 0 87]
 ST 27-1  1.147e+02  [0 1.000e+00 1.358e-01 9.989e-06]  [3226 0 62]
 ST 27-2  1.163e+02  [-73 2.161e-04 2.933e-05 9.985e-06]  [4505 0 90]
 ST 27-3s 1.173e+02  [-147 4.227e-08 5.739e-09 2.311e-04]  [2846 -1 85]
 ST 28-1  1.190e+02  [0 1.000e+00 1.374e-01 9.978e-06]  [3586 0 64]
 ST 28-2  1.203e+02  [-67 4.319e-04 5.935e-05 9.976e-06]  [3684 0 88]
 ST 28-3s 1.215e+02  [-148 3.947e-08 5.424e-09 2.445e-04]  [3320 0 87]
 ST 29-1  1.233e+02  [0 1.000e+00 1.331e-01 9.988e-06]  [3647 0 64]
 ST 29-2  1.245e+02  [-64 6.212e-04 8.270e-05 9.982e-06]  [3467 -1 88]
 ST 29-3s 1.257e+02  [-148 3.674e-08 4.890e-09 2.713e-04]  [3521 0 88]
 ST 30-1  1.274e+02  [0 1.000e+00 1.283e-01 9.984e-06]  [3581 0 65]
 ST 30-2  1.288e+02  [-70 2.988e-04 3.832e-05 9.977e-06]  [3873 -1 89]
 ST 30-3s 1.299e+02  [-149 3.318e-08 4.256e-09 3.115e-04]  [3106 -1 86]
 ST 31-1  1.314e+02  [0 1.000e+00 1.182e-01 9.985e-06]  [3077 0 61]
 ST 31-2  1.330e+02  [-76 1.523e-04 1.800e-05 9.988e-06]  [4641 -1 90]
 ST 31-3s 1.340e+02  [-152 2.338e-08 2.763e-09 4.796e-04]  [2746 -1 84]
 ST 32-1  1.357e+02  [0 1.000e+00 1.092e-01 9.971e-06]  [3581 0 65]
 ST 32-2  1.369e+02  [-67 4.217e-04 4.607e-05 9.980e-06]  [3478 0 87]
 ST 32-3s 1.379e+02  [-149 3.465e-08 3.785e-09 3.503e-04]  [2709 0 84]
 ST 33-1  1.396e+02  [0 1.000e+00 1.075e-01 9.998e-06]  [3599 -1 65]
 ST 33-2  1.409e+02  [-66 4.622e-04 4.969e-05 9.997e-06]  [3581 0 88]
 ST 33-3s 1.420e+02  [-148 3.725e-08 4.004e-09 3.308e-04]  [3140 0 86]
 ST 34-1  1.436e+02  [0 1.000e+00 1.090e-01 9.994e-06]  [3288 -1 63]
 ST 34-2  1.453e+02  [-77 1.392e-04 1.517e-05 9.989e-06]  [4831 -1 90]
 ST 34-3s 1.462e+02  [-154 1.837e-08 2.002e-09 6.622e-04]  [2708 0 85]
 ST 35-1  1.479e+02  [0 1.000e+00 1.119e-01 9.973e-06]  [3465 -1 64]
 ST 35-2  1.495e+02  [-77 1.401e-04 1.567e-05 9.987e-06]  [4639 -1 90]
 ST 35-3s 1.505e+02  [-153 2.191e-08 2.451e-09 5.413e-04]  [2682 0 84]
 ST 36-1  1.522e+02  [0 1.000e+00 1.129e-01 9.987e-06]  [3682 0 65]
 ST 36-2  1.537e+02  [-70 2.881e-04 3.253e-05 9.980e-06]  [4198 0 89]
 ST 36-3s 1.548e+02  [-153 2.048e-08 2.313e-09 5.736e-04]  [3080 0 86]
 ST 37-1  1.565e+02  [0 1.000e+00 1.093e-01 9.998e-06]  [3599 -1 65]
 ST 37-2  1.580e+02  [-73 2.080e-04 2.273e-05 9.995e-06]  [4516 -1 90]
 ST 37-3s 1.591e+02  [-155 1.595e-08 1.743e-09 7.601e-04]  [2901 -1 86]
 ST 38-1  1.607e+02  [0 1.000e+00 1.026e-01 9.985e-06]  [3357 -1 62]
 ST 38-2  1.624e+02  [-79 1.063e-04 1.091e-05 9.999e-06]  [5017 0 91]
 ST 38-3s 1.633e+02  [-154 1.899e-08 1.949e-09 6.810e-04]  [2458 0 83]
 ST 39-1  1.651e+02  [0 1.000e+00 9.756e-02 9.976e-06]  [3478 0 62]
 ST 39-2  1.667e+02  [-76 1.542e-04 1.504e-05 9.992e-06]  [4733 -1 90]
 ST 39-3s 1.676e+02  [-156 1.555e-08 1.517e-09 8.734e-04]  [2674 0 84]
 ST 40-1  1.693e+02  [0 1.000e+00 9.589e-02 9.984e-06]  [3413 -1 64]
 ST 40-2  1.708e+02  [-75 1.638e-04 1.570e-05 9.994e-06]  [4365 -1 90]
 ST 40-3s 1.718e+02  [-154 1.825e-08 1.750e-09 7.572e-04]  [2692 -1 84]
 ST 41-1  1.733e+02  [0 1.000e+00 9.753e-02 9.977e-06]  [3052 -1 61]
 ST 41-2  1.750e+02  [-84 5.922e-05 5.776e-06 9.992e-06]  [4844 -1 91]
 ST 41-3s 1.758e+02  [-158 1.127e-08 1.099e-09 1.207e-03]  [2158 0 81]
 ST 42-1  1.774e+02  [0 1.000e+00 1.008e-01 9.983e-06]  [3297 -1 61]
 ST 42-2  1.791e+02  [-87 4.426e-05 4.460e-06 9.987e-06]  [4955 0 91]
 ST 42-3s 1.799e+02  [-157 1.270e-08 1.279e-09 1.037e-03]  [2071 -1 81]
 ST 43-1  1.815e+02  [0 1.000e+00 1.028e-01 9.983e-06]  [3278 0 61]
 ST 43-2  1.831e+02  [-81 8.835e-05 9.080e-06 9.988e-06]  [4617 -1 90]
 ST 43-3s 1.840e+02  [-156 1.570e-08 1.613e-09 8.222e-04]  [2435 -1 83]
 ST 44-1  1.857e+02  [0 1.000e+00 1.020e-01 9.988e-06]  [3513 -1 63]
 ST 44-2  1.875e+02  [-88 3.646e-05 3.718e-06 9.996e-06]  [5275 0 91]
 ST 44-3s 1.883e+02  [-158 1.167e-08 1.191e-09 1.113e-03]  [2004 0 80]
 ST 45-1  1.900e+02  [0 1.000e+00 1.038e-01 1.000e-05]  [3561 -1 63]
 ST 45-2  1.918e+02  [-85 5.281e-05 5.484e-06 9.993e-06]  [5331 -1 91]
 ST 45-3s 1.926e+02  [-156 1.420e-08 1.475e-09 8.996e-04]  [2195 0 81]
 ST 46-1  1.944e+02  [0 1.000e+00 1.008e-01 9.992e-06]  [3569 -1 63]
 ST 46-2  1.962e+02  [-84 6.044e-05 6.090e-06 1.000e-05]  [5334 -1 92]
 ST 46-3s 1.970e+02  [-157 1.309e-08 1.319e-09 1.005e-03]  [2262 0 82]
 ST 47-1  1.986e+02  [0 1.000e+00 1.051e-01 9.998e-06]  [3295 -1 62]
 ST 47-2  2.004e+02  [-88 3.974e-05 4.177e-06 9.979e-06]  [5309 0 91]
 ST 47-3s 2.012e+02  [-157 1.300e-08 1.367e-09 9.693e-04]  [2057 0 80]
 ST 48-1  2.027e+02  [0 1.000e+00 1.094e-01 9.989e-06]  [2715 0 57]
 ST 48-2  2.043e+02  [-89 3.340e-05 3.654e-06 9.993e-06]  [4687 -1 90]
 ST 48-3s 2.050e+02  [-157 1.395e-08 1.526e-09 8.690e-04]  [1941 0 80]
 ST 49-1  2.066e+02  [0 1.000e+00 1.139e-01 9.987e-06]  [3032 0 61]
 ST 49-2  2.081e+02  [-88 3.579e-05 4.076e-06 9.975e-06]  [4401 0 90]
 ST 49-3s 2.088e+02  [-158 1.157e-08 1.318e-09 1.006e-03]  [2016 0 80]
 ST 50-1  2.105e+02  [0 1.000e+00 1.171e-01 9.998e-06]  [3317 0 63]
 ST 50-2  2.121e+02  [-88 3.834e-05 4.488e-06 9.968e-06]  [5000 0 91]
 ST 50-3s 2.129e+02  [-157 1.336e-08 1.564e-09 8.478e-04]  [2067 0 81]
 ST 51-1  2.146e+02  [0 1.000e+00 1.201e-01 9.992e-06]  [3382 0 62]
 ST 51-2  2.162e+02  [-93 2.042e-05 2.453e-06 9.964e-06]  [4585 -1 90]
 ST 51-3s 2.169e+02  [-158 1.209e-08 1.452e-09 9.124e-04]  [1807 0 78]
 ST 52-1  2.186e+02  [0 1.000e+00 1.215e-01 9.994e-06]  [3563 -1 64]
 ST 52-2  2.204e+02  [-88 3.630e-05 4.411e-06 9.992e-06]  [5464 0 92]
 ST 52-3s 2.212e+02  [-157 1.304e-08 1.585e-09 8.364e-04]  [2113 0 81]
 ST 53-1  2.229e+02  [0 1.000e+00 1.250e-01 9.982e-06]  [3541 0 64]
 ST 53-2  2.247e+02  [-86 4.640e-05 5.801e-06 9.989e-06]  [5383 0 92]
 ST 53-3s 2.255e+02  [-157 1.282e-08 1.602e-09 8.272e-04]  [2242 -1 82]
 ST 54-1  2.272e+02  [0 1.000e+00 1.319e-01 9.993e-06]  [3325 0 63]
 ST 54-2  2.289e+02  [-88 3.610e-05 4.762e-06 9.991e-06]  [5205 0 91]
 ST 54-3s 2.297e+02  [-157 1.402e-08 1.850e-09 7.163e-04]  [2113 0 81]
 ST 55-1  2.312e+02  [0 1.000e+00 1.393e-01 9.988e-06]  [2852 -1 59]
 ST 55-2  2.329e+02  [-86 4.543e-05 6.330e-06 9.997e-06]  [4951 0 91]
 ST 55-3s 2.337e+02  [-156 1.460e-08 2.034e-09 6.520e-04]  [2247 0 82]
 ST 56-1  2.351e+02  [0 1.000e+00 1.471e-01 9.988e-06]  [2626 0 57]
 ST 56-2  2.368e+02  [-86 4.968e-05 7.310e-06 9.981e-06]  [4981 -1 91]
 ST 56-3s 2.377e+02  [-156 1.529e-08 2.249e-09 5.899e-04]  [2311 0 82]
 ST 57-1  2.393e+02  [0 1.000e+00 1.553e-01 9.987e-06]  [3199 -1 61]
 ST 57-2  2.410e+02  [-85 5.521e-05 8.575e-06 9.992e-06]  [5264 0 91]
 ST 57-3s 2.419e+02  [-156 1.453e-08 2.257e-09 5.870e-04]  [2431 -1 83]
 ST 58-1  2.436e+02  [0 1.000e+00 1.650e-01 9.981e-06]  [3398 -1 63]
 ST 58-2  2.454e+02  [-82 7.083e-05 1.169e-05 9.987e-06]  [5327 0 92]
 ST 58-3s 2.463e+02  [-156 1.418e-08 2.339e-09 5.673e-04]  [2620 0 84]
 ST 59-1  2.480e+02  [0 1.000e+00 1.764e-01 9.995e-06]  [3412 -1 64]
 ST 59-2  2.498e+02  [-83 6.694e-05 1.181e-05 9.999e-06]  [5412 0 92]
 ST 59-3s 2.508e+02  [-156 1.442e-08 2.543e-09 5.214e-04]  [2634 -1 84]
 ST 60-1  2.524e+02  [0 1.000e+00 1.902e-01 9.995e-06]  [3293 0 62]
 ST 60-2  2.542e+02  [-85 5.370e-05 1.021e-05 9.997e-06]  [5289 -1 91]
 ST 60-3s 2.551e+02  [-156 1.492e-08 2.838e-09 4.672e-04]  [2569 0 84]
 ST 61-1  2.566e+02  [0 1.000e+00 2.042e-01 9.988e-06]  [2984 0 60]
 ST 61-2  2.584e+02  [-85 5.079e-05 1.037e-05 9.999e-06]  [5182 0 91]
 ST 61-3s 2.593e+02  [-155 1.593e-08 3.252e-09 4.080e-04]  [2572 0 84]
 ST 62-1  2.606e+02  [0 1.000e+00 2.189e-01 9.992e-06]  [2128 -1 50]
 ST 62-2  2.623e+02  [-86 4.697e-05 1.028e-05 9.970e-06]  [4803 0 91]
 ST 62-3s 2.632e+02  [-156 1.475e-08 3.229e-09 4.109e-04]  [2564 0 83]
 ST 63-1  2.648e+02  [0 1.000e+00 2.342e-01 9.984e-06]  [2884 0 54]
 ST 63-2  2.664e+02  [-86 4.637e-05 1.086e-05 9.827e-06]  [4692 -1 90]
 ST 63-3s 2.674e+02  [-155 1.614e-08 3.780e-09 3.510e-04]  [2589 -1 84]
 ST 64-1  2.690e+02  [0 1.000e+00 2.540e-01 9.998e-06]  [3180 0 60]
 ST 64-2  2.705e+02  [-91 2.736e-05 6.950e-06 9.976e-06]  [4491 0 90]
 ST 64-3s 2.714e+02  [-156 1.544e-08 3.922e-09 3.381e-04]  [2431 -1 83]
 ST 65-1  2.731e+02  [0 1.000e+00 2.711e-01 9.986e-06]  [3249 -1 59]
 ST 65-2  2.746e+02  [-94 1.980e-05 5.370e-06 9.988e-06]  [4184 0 89]
 ST 65-3s 2.754e+02  [-156 1.520e-08 4.122e-09 3.216e-04]  [2343 -1 83]
 ST 66-1  2.770e+02  [0 1.000e+00 2.867e-01 9.996e-06]  [3171 0 61]
 ST 66-2  2.783e+02  [-94 1.865e-05 5.346e-06 9.978e-06]  [3789 -1 88]
 ST 66-3s 2.792e+02  [-156 1.530e-08 4.385e-09 3.021e-04]  [2362 0 83]
 ST 67-1  2.807e+02  [0 1.000e+00 3.010e-01 9.983e-06]  [2869 0 58]
 ST 67-2  2.822e+02  [-94 1.905e-05 5.735e-06 9.995e-06]  [4399 -1 90]
 ST 67-3s 2.831e+02  [-155 1.587e-08 4.777e-09 2.777e-04]  [2395 -1 83]
 ST 68-1  2.844e+02  [0 1.000e+00 3.126e-01 9.978e-06]  [2050 0 49]
 ST 68-2  2.859e+02  [-93 2.142e-05 6.697e-06 9.955e-06]  [4288 0 90]
 ST 68-3s 2.868e+02  [-157 1.380e-08 4.316e-09 3.072e-04]  [2411 0 83]
 ST 69-1  2.882e+02  [0 1.000e+00 3.236e-01 9.991e-06]  [2637 -1 56]
 ST 69-2  2.897e+02  [-91 2.689e-05 8.701e-06 9.999e-06]  [4182 -1 89]
 ST 69-3s 2.906e+02  [-155 1.593e-08 5.154e-09 2.574e-04]  [2594 -1 84]
 ST 70-1  2.921e+02  [0 1.000e+00 3.336e-01 9.996e-06]  [2766 0 56]
 ST 70-2  2.936e+02  [-89 3.301e-05 1.101e-05 9.998e-06]  [4233 -1 89]
 ST 70-3s 2.946e+02  [-156 1.535e-08 5.120e-09 2.589e-04]  [2757 0 85]
 ST 71-1  2.961e+02  [0 1.000e+00 3.403e-01 9.996e-06]  [2866 0 58]
 ST 71-2  2.976e+02  [-90 3.075e-05 1.046e-05 9.996e-06]  [4263 0 90]
 ST 71-3s 2.986e+02  [-156 1.507e-08 5.127e-09 2.585e-04]  [2729 0 85]
 ST 72-1  3.001e+02  [0 1.000e+00 3.479e-01 9.985e-06]  [3076 0 60]
 ST 72-2  3.016e+02  [-90 2.868e-05 9.979e-06 9.996e-06]  [4195 -1 90]
 ST 72-3s 3.026e+02  [-156 1.521e-08 5.290e-09 2.506e-04]  [2757 0 85]
 ST 73-1  3.040e+02  [0 1.000e+00 3.537e-01 9.996e-06]  [2618 0 56]
 ST 73-2  3.055e+02  [-92 2.250e-05 7.960e-06 9.991e-06]  [4463 0 90]
 ST 73-3s 3.065e+02  [-156 1.573e-08 5.563e-09 2.384e-04]  [2667 0 84]
 ST 74-1  3.079e+02  [0 1.000e+00 3.726e-01 9.988e-06]  [2393 -1 54]
 ST 74-2  3.096e+02  [-85 5.497e-05 2.048e-05 9.993e-06]  [5179 0 91]
 ST 74-3s 3.108e+02  [-156 1.539e-08 5.734e-09 2.312e-04]  [3162 -1 86]
 ST 75-1  3.123e+02  [0 1.000e+00 3.634e-01 9.983e-06]  [3052 -1 60]
 ST 75-2  3.138e+02  [-94 1.883e-05 6.841e-06 9.977e-06]  [4262 0 90]
 ST 75-3s 3.148e+02  [-156 1.488e-08 5.407e-09 2.454e-04]  [2652 -1 84]
 ST 76-1  3.163e+02  [0 1.000e+00 3.909e-01 9.994e-06]  [2968 0 61]
 ST 76-2  3.179e+02  [-87 4.174e-05 1.631e-05 9.987e-06]  [4781 -1 91]
 ST 76-3s 3.190e+02  [-156 1.478e-08 5.776e-09 2.295e-04]  [3046 -1 86]
 ST 77-1  3.206e+02  [0 1.000e+00 3.859e-01 9.987e-06]  [3165 0 62]
 ST 77-2  3.222e+02  [-91 2.528e-05 9.757e-06 9.990e-06]  [4767 0 91]
 ST 77-3s 3.232e+02  [-156 1.458e-08 5.629e-09 2.356e-04]  [2843 -1 85]
 ST 78-1  3.246e+02  [0 1.000e+00 4.064e-01 9.989e-06]  [2583 0 55]
 ST 78-2  3.263e+02  [-88 3.840e-05 1.560e-05 9.992e-06]  [4944 -1 91]
 ST 78-3s 3.274e+02  [-156 1.523e-08 6.188e-09 2.145e-04]  [3118 0 86]
 ST 79-1  3.288e+02  [0 1.000e+00 4.116e-01 9.999e-06]  [2293 -1 52]
 ST 79-2  3.306e+02  [-85 5.428e-05 2.234e-05 9.996e-06]  [5289 -1 91]
 ST 79-3s 3.317e+02  [-156 1.513e-08 6.229e-09 2.129e-04]  [3318 0 87]
 ST 80-1  3.333e+02  [0 1.000e+00 4.196e-01 9.995e-06]  [3072 0 61]
 ST 80-2  3.349e+02  [-85 5.317e-05 2.231e-05 9.978e-06]  [4784 -1 91]
 ST 80-3s 3.361e+02  [-156 1.465e-08 6.146e-09 2.157e-04]  [3336 0 87]
 ST 81-1  3.377e+02  [0 1.000e+00 4.258e-01 9.992e-06]  [3211 -1 60]
 ST 81-2  3.395e+02  [-82 7.300e-05 3.108e-05 9.996e-06]  [5180 0 91]
 ST 81-3s 3.407e+02  [-156 1.418e-08 6.040e-09 2.197e-04]  [3533 0 88]
 ST 82-1  3.423e+02  [0 1.000e+00 4.282e-01 9.994e-06]  [3137 0 61]
 ST 82-2  3.441e+02  [-82 7.482e-05 3.204e-05 9.987e-06]  [5273 0 91]
 ST 82-3s 3.453e+02  [-156 1.437e-08 6.151e-09 2.157e-04]  [3587 0 88]
 ST 83-1  3.467e+02  [0 1.000e+00 4.312e-01 9.995e-06]  [2513 0 56]
 ST 83-2  3.485e+02  [-81 8.684e-05 3.745e-05 9.997e-06]  [5313 0 91]
 ST 83-3s 3.498e+02  [-156 1.462e-08 6.304e-09 2.105e-04]  [3683 0 88]
 ST 84-1  3.512e+02  [0 1.000e+00 4.347e-01 9.987e-06]  [2782 0 58]
 ST 84-2  3.532e+02  [-78 1.150e-04 4.998e-05 9.985e-06]  [5709 -1 92]
 ST 84-3s 3.545e+02  [-156 1.427e-08 6.203e-09 2.135e-04]  [3867 -1 88]
 ST 85-1  3.561e+02  [0 1.000e+00 4.433e-01 9.986e-06]  [3269 0 61]
 ST 85-2  3.579e+02  [-72 2.253e-04 9.989e-05 9.981e-06]  [5044 -1 91]
 ST 85-3s 3.593e+02  [-157 1.375e-08 6.095e-09 2.175e-04]  [4098 0 89]
 ST 86-1  3.609e+02  [0 1.000e+00 4.311e-01 9.998e-06]  [3363 -1 63]
 ST 86-2  3.625e+02  [-71 2.666e-04 1.149e-04 9.987e-06]  [4764 0 91]
 ST 86-3s 3.640e+02  [-157 1.345e-08 5.799e-09 2.288e-04]  [4156 0 89]
 ST 87-1  3.655e+02  [0 1.000e+00 4.257e-01 9.996e-06]  [3059 -1 61]
 ST 87-2  3.670e+02  [-68 3.665e-04 1.560e-04 9.988e-06]  [4544 0 90]
 ST 87-3s 3.685e+02  [-157 1.362e-08 5.797e-09 2.288e-04]  [4230 -1 90]
 ST 88-1  3.698e+02  [0 1.000e+00 4.002e-01 9.997e-06]  [2382 -1 55]
 ST 88-2  3.714e+02  [-68 3.591e-04 1.437e-04 1.000e-05]  [4521 0 90]
 ST 88-3s 3.728e+02  [-157 1.356e-08 5.428e-09 2.442e-04]  [4324 -1 90]
 ST 89-1  3.746e+02  [0 1.000e+00 2.752e-01 9.994e-06]  [3590 0 64]
 ST 89-2  3.761e+02  [-60 8.963e-04 2.467e-04 9.987e-06]  [4613 0 90]
 ST 89-3s 3.774e+02  [-154 1.963e-08 5.402e-09 2.453e-04]  [3754 0 88]
 ST 90-1  3.792e+02  [0 1.000e+00 2.987e-01 9.990e-06]  [3815 -1 66]
 ST 90-2  3.804e+02  [-44 5.985e-03 1.788e-03 9.988e-06]  [3442 0 87]
 ST 90-3s 3.825e+02  [-140 9.871e-08 2.948e-08 4.496e-05]  [6171 -1 92]
 ST 91-1  3.842e+02  [0 1.000e+00 4.265e-01 9.990e-06]  [3301 -1 60]
 ST 91-2  3.854e+02  [-43 6.442e-03 2.748e-03 9.994e-06]  [3480 0 87]
 ST 91-3s 3.872e+02  [-138 1.136e-07 4.846e-08 2.726e-05]  [5306 0 91]
 ST 92-1  3.885e+02  [0 1.000e+00 6.224e-01 9.985e-06]  [2445 -1 56]
 ST 92-2  3.897e+02  [-44 6.240e-03 3.884e-03 9.988e-06]  [3471 0 87]
 ST 92-3s 3.914e+02  [-138 1.206e-07 7.509e-08 1.761e-05]  [5008 0 91]
 ST 93-1  3.930e+02  [0 1.000e+00 1.440e+00 9.991e-06]  [2786 0 56]
 ST 93-2  3.945e+02  [-53 2.163e-03 3.114e-03 9.992e-06]  [4338 0 90]
 ST 93-3s 3.962e+02  [-148 3.799e-08 5.470e-08 2.420e-05]  [5300 -1 91]
 ST 94-1  3.978e+02  [0 1.000e+00 1.209e+00 9.990e-06]  [3106 -1 61]
 ST 94-2  3.990e+02  [-42 7.729e-03 9.343e-03 9.991e-06]  [3565 -1 88]
 ST 94-3s 4.012e+02  [-139 1.075e-07 1.300e-07 1.020e-05]  [6610 0 93]
 ST 95-1  4.028e+02  [0 1.000e+00 4.431e-01 9.991e-06]  [3216 0 62]
 ST 95-2  4.046e+02  [-65 5.215e-04 2.311e-04 9.991e-06]  [5445 -1 92]
 ST 95-3s 4.063e+02  [-154 1.860e-08 8.243e-09 1.608e-04]  [4996 -1 91]
 ST 96-1  4.078e+02  [0 1.000e+00 6.343e-01 9.998e-06]  [2862 0 59]
 ST 96-2  4.096e+02  [-66 4.471e-04 2.836e-04 9.991e-06]  [5472 0 92]
 ST 96-3s 4.114e+02  [-155 1.679e-08 1.065e-08 1.246e-04]  [5233 0 91]
 ST 97-1  4.133e+02  [0 1.000e+00 4.555e-01 9.996e-06]  [3884 0 62]
 ST 97-2  4.146e+02  [-44 5.749e-03 2.619e-03 9.993e-06]  [3741 0 88]
 ST 97-3s 4.170e+02  [-141 8.515e-08 3.879e-08 3.418e-05]  [7101 0 94]
 ST 98-1  4.186e+02  [0 1.000e+00 8.393e-01 9.999e-06]  [3404 -1 63]
 ST 98-2  4.202e+02  [-53 2.076e-03 1.742e-03 9.988e-06]  [4612 0 90]
 ST 98-3s 4.224e+02  [-147 4.385e-08 3.681e-08 3.602e-05]  [6654 0 93]
 ST 99-1  4.236e+02  [0 1.000e+00 2.025e+00 9.987e-06]  [2058 0 51]
 ST 99-2  4.248e+02  [-38 1.236e-02 2.503e-02 9.988e-06]  [3296 0 87]
 ST 99-3s 4.275e+02  [-134 1.894e-07 3.836e-07 9.999e-06]  [8347 0 94]
 ST 100-1  4.290e+02  [0 1.000e+00 1.065e+00 9.988e-06]  [2916 0 60]
 ST 100-2  4.301e+02  [-34 1.936e-02 2.060e-02 9.993e-06]  [3160 -1 86]
 ST 100-3s 4.326e+02  [-132 2.485e-07 2.645e-07 9.996e-06]  [7320 0 93]
 ST 101-1  4.343e+02  [0 1.000e+00 3.048e-01 9.997e-06]  [3825 -1 66]
 ST 101-2  4.360e+02  [-56 1.556e-03 4.741e-04 9.986e-06]  [4751 0 91]
 ST 101-3s 4.377e+02  [-154 1.806e-08 5.503e-09 2.410e-04]  [5297 -1 91]
 ST 102-1  4.395e+02  [0 1.000e+00 2.729e-01 1.000e-05]  [3539 0 64]
 ST 102-2  4.410e+02  [-48 3.809e-03 1.039e-03 9.999e-06]  [4367 0 90]
 ST 102-3s 4.429e+02  [-147 4.207e-08 1.148e-08 1.155e-04]  [5848 0 92]
 ST 103-1  4.446e+02  [0 1.000e+00 3.205e-01 9.992e-06]  [3311 -1 60]
 ST 103-2  4.459e+02  [-41 8.172e-03 2.619e-03 9.998e-06]  [3785 0 88]
 ST 103-3s 4.484e+02  [-141 8.638e-08 2.769e-08 4.789e-05]  [7637 -1 94]
 ST 104-1  4.502e+02  [0 1.000e+00 3.769e-01 9.987e-06]  [3977 -1 67]
 ST 104-2  4.520e+02  [-57 1.385e-03 5.221e-04 9.999e-06]  [5195 -1 91]
 ST 104-3s 4.540e+02  [-155 1.617e-08 6.094e-09 2.177e-04]  [6161 -1 93]
 ST 105-1  4.559e+02  [0 1.000e+00 2.596e-01 9.993e-06]  [4176 -1 68]
 ST 105-2  4.575e+02  [-49 3.301e-03 8.570e-04 9.989e-06]  [4570 0 90]
 ST 105-3s 4.591e+02  [-149 3.542e-08 9.194e-09 1.443e-04]  [4630 -1 90]
 ST 106-1  4.605e+02  [0 1.000e+00 4.372e-01 9.997e-06]  [2498 -1 54]
 ST 106-2  4.620e+02  [-46 4.680e-03 2.046e-03 9.997e-06]  [4306 0 90]
 ST 106-3s 4.636e+02  [-146 4.793e-08 2.096e-08 6.328e-05]  [4593 0 90]
 ST 107-1  4.651e+02  [0 1.000e+00 6.619e-01 9.990e-06]  [3128 0 62]
 ST 107-2  4.663e+02  [-37 1.350e-02 8.940e-03 9.994e-06]  [3523 0 87]
 ST 107-3s 4.692e+02  [-136 1.436e-07 9.506e-08 1.395e-05]  [8766 -1 95]
 ST 108-1  4.708e+02  [0 1.000e+00 9.081e-01 9.989e-06]  [2989 0 60]
 ST 108-2  4.719e+02  [-35 1.748e-02 1.587e-02 9.991e-06]  [3354 0 87]
 ST 108-3s 4.746e+02  [-133 2.217e-07 2.013e-07 9.992e-06]  [8255 -1 94]
 ST 109-1  4.759e+02  [0 1.000e+00 1.297e+00 9.990e-06]  [2124 -1 51]
 ST 109-2  4.767e+02  [-33 2.214e-02 2.871e-02 9.991e-06]  [2217 0 82]
 ST 109-3s 4.788e+02  [-127 4.155e-07 5.388e-07 9.987e-06]  [6262 -1 93]
 ST 110-1  4.803e+02  [0 1.000e+00 2.018e+00 9.993e-06]  [2705 0 57]
 ST 110-2  4.814e+02  [-32 2.373e-02 4.788e-02 9.993e-06]  [3042 0 86]
 ST 110-3s 4.839e+02  [-123 7.025e-07 1.418e-06 9.994e-06]  [7732 0 94]
 ST 111-1  4.854e+02  [0 1.000e+00 2.573e+00 9.992e-06]  [2741 0 58]
 ST 111-2  4.867e+02  [-40 9.503e-03 2.445e-02 9.997e-06]  [3681 0 88]
 ST 111-3s 4.888e+02  [-132 2.298e-07 5.912e-07 9.990e-06]  [6553 -1 93]
 ST 112-1  4.902e+02  [0 1.000e+00 2.140e+00 9.992e-06]  [2401 0 56]
 ST 112-2  4.909e+02  [-22 7.909e-02 1.693e-01 9.993e-06]  [1884 -1 79]
 ST 112-3s 4.928e+02  [-102 7.335e-06 1.570e-05 9.987e-06]  [5515 0 92]
 ST 113-1  4.941e+02  [0 1.000e+00 1.495e+00 9.983e-06]  [2294 -1 54]
 ST 113-2  4.953e+02  [-44 5.670e-03 8.478e-03 9.994e-06]  [3630 0 88]
 ST 113-3s 4.975e+02  [-140 9.785e-08 1.463e-07 9.975e-06]  [6534 0 93]
 ST 114-1  4.990e+02  [0 1.000e+00 1.923e+00 9.994e-06]  [2890 0 59]
 ST 114-2  5.003e+02  [-44 6.082e-03 1.170e-02 9.992e-06]  [3874 -1 89]
 ST 114-3s 5.025e+02  [-140 9.826e-08 1.890e-07 9.996e-06]  [6473 -1 93]
 ST 115-1  5.041e+02  [0 1.000e+00 1.048e+00 9.986e-06]  [3134 0 61]
 ST 115-2  5.052e+02  [-34 1.918e-02 2.011e-02 1.000e-05]  [3034 0 86]
 ST 115-3s 5.076e+02  [-127 4.141e-07 4.342e-07 9.991e-06]  [7469 0 94]
 ST 116-1  5.088e+02  [0 1.000e+00 1.900e+00 9.994e-06]  [1860 -1 47]
 ST 116-2  5.103e+02  [-59 1.040e-03 1.975e-03 9.995e-06]  [4239 0 89]
 ST 116-3s 5.119e+02  [-151 2.631e-08 4.997e-08 2.652e-05]  [4687 -1 90]
 ST 117-1  5.132e+02  [0 1.000e+00 1.053e+00 9.997e-06]  [2283 -1 53]
 ST 117-2  5.148e+02  [-54 1.789e-03 1.885e-03 9.993e-06]  [4524 0 90]
 ST 117-3s 5.163e+02  [-147 4.429e-08 4.665e-08 2.835e-05]  [4497 0 90]
 ST 118-1  5.180e+02  [0 1.000e+00 1.079e+00 9.986e-06]  [3078 0 55]
 ST 118-2  5.196e+02  [-56 1.498e-03 1.616e-03 1.000e-05]  [4528 -1 90]
 ST 118-3s 5.212e+02  [-147 4.085e-08 4.408e-08 3.007e-05]  [4701 0 90]
 ST 119-1  5.227e+02  [0 1.000e+00 6.332e-01 9.991e-06]  [3194 0 62]
 ST 119-2  5.241e+02  [-50 3.154e-03 1.997e-03 9.997e-06]  [3997 0 89]
 ST 119-3s 5.261e+02  [-142 7.183e-08 4.548e-08 2.915e-05]  [5998 0 92]
 ST 120-1  5.275e+02  [0 1.000e+00 5.143e-01 9.981e-06]  [2462 0 55]
 ST 120-2  5.284e+02  [-43 6.506e-03 3.346e-03 9.982e-06]  [2344 -1 83]
 ST 120-3s 5.304e+02  [-139 1.063e-07 5.467e-08 2.426e-05]  [6006 -1 92]
 ST 121-1  5.320e+02  [0 1.000e+00 5.630e-01 9.988e-06]  [3168 0 62]
 ST 121-2  5.333e+02  [-49 3.343e-03 1.882e-03 9.993e-06]  [3919 -1 89]
 ST 121-3s 5.348e+02  [-144 6.278e-08 3.534e-08 3.751e-05]  [4303 -1 89]
 ST 122-1  5.363e+02  [0 1.000e+00 1.085e+00 9.986e-06]  [2946 -1 60]
 ST 122-2  5.375e+02  [-44 5.856e-03 6.353e-03 9.996e-06]  [3480 0 87]
 ST 122-3s 5.396e+02  [-137 1.262e-07 1.369e-07 9.982e-06]  [6425 -1 93]
 ST 123-1  5.410e+02  [0 1.000e+00 1.656e+00 9.984e-06]  [2455 0 56]
 ST 123-2  5.420e+02  [-39 1.122e-02 1.858e-02 1.000e-05]  [2851 -1 85]
 ST 123-3s 5.437e+02  [-128 3.557e-07 5.891e-07 9.988e-06]  [4878 0 91]
 ST 124-1  5.447e+02  [0 1.000e+00 1.868e+00 9.991e-06]  [1243 0 39]
 ST 124-2  5.465e+02  [-75 1.625e-04 3.035e-04 9.998e-06]  [5322 0 92]
 ST 124-3s 5.481e+02  [-146 4.577e-08 8.551e-08 1.551e-05]  [4717 0 90]
 ST 125-1  5.495e+02  [0 1.000e+00 1.020e+00 9.983e-06]  [2679 -1 58]
 ST 125-2  5.507e+02  [-46 4.929e-03 5.028e-03 9.999e-06]  [3354 -1 87]
 ST 125-3s 5.527e+02  [-137 1.378e-07 1.406e-07 9.976e-06]  [6113 -1 92]
 ST 126-1  5.543e+02  [0 1.000e+00 5.027e-01 9.986e-06]  [3176 0 62]
 ST 126-2  5.552e+02  [-35 1.657e-02 8.330e-03 9.992e-06]  [2601 -1 84]
 ST 126-3s 5.568e+02  [-126 4.481e-07 2.252e-07 9.994e-06]  [4486 -1 90]
 ST 127-1  5.583e+02  [0 1.000e+00 4.134e-01 9.983e-06]  [3009 -1 60]
 ST 127-2  5.603e+02  [-82 7.562e-05 3.127e-05 9.987e-06]  [5855 -1 92]
 ST 127-3s 5.615e+02  [-154 1.867e-08 7.717e-09 1.717e-04]  [3455 -1 87]
 ST 128-1  5.628e+02  [0 1.000e+00 5.845e-01 9.997e-06]  [2379 -1 55]
 ST 128-2  5.643e+02  [-69 3.171e-04 1.853e-04 9.990e-06]  [4432 -1 90]
 ST 128-3s 5.656e+02  [-158 1.205e-08 7.043e-09 1.882e-04]  [3555 -1 88]
 ST 129-1  5.669e+02  [0 1.000e+00 6.837e-01 9.996e-06]  [2397 -1 55]
 ST 129-2  5.681e+02  [-47 4.160e-03 2.844e-03 9.990e-06]  [3451 -1 87]
 ST 129-3s 5.695e+02  [-139 1.089e-07 7.443e-08 1.783e-05]  [4139 0 89]
 ST 130-1  5.709e+02  [0 1.000e+00 1.157e+00 9.985e-06]  [2385 -1 55]
 ST 130-2  5.720e+02  [-43 7.005e-03 8.103e-03 9.987e-06]  [3133 0 86]
 ST 130-3s 5.735e+02  [-131 2.516e-07 2.910e-07 9.972e-06]  [4384 -1 90]
 ST 131-1  5.748e+02  [0 1.000e+00 1.323e+00 9.994e-06]  [2349 0 55]
 ST 131-2  5.761e+02  [-55 1.696e-03 2.244e-03 9.998e-06]  [3785 0 88]
 ST 131-3s 5.779e+02  [-142 7.305e-08 9.662e-08 1.372e-05]  [5311 0 91]
 ST 132-1  5.792e+02  [0 1.000e+00 1.200e+00 9.980e-06]  [2148 0 52]
 ST 132-2  5.806e+02  [-65 5.474e-04 6.572e-04 9.983e-06]  [4039 0 89]
 ST 132-3s 5.821e+02  [-149 3.364e-08 4.038e-08 3.283e-05]  [4638 -1 90]
 ST 133-1  5.834e+02  [0 1.000e+00 1.127e+00 9.992e-06]  [2035 -1 51]
 ST 133-2  5.847e+02  [-85 5.096e-05 5.743e-05 9.998e-06]  [3960 0 89]
 ST 133-3s 5.860e+02  [-151 2.772e-08 3.124e-08 4.246e-05]  [3631 0 88]
 ST 134-1  5.874e+02  [0 1.000e+00 7.555e-01 9.976e-06]  [2621 -1 56]
 ST 134-2  5.884e+02  [-47 4.420e-03 3.339e-03 9.994e-06]  [2689 -1 84]
 ST 134-3s 5.900e+02  [-134 1.878e-07 1.419e-07 9.972e-06]  [4692 -1 90]
 ST 135-1  5.916e+02  [0 1.000e+00 3.407e-01 9.991e-06]  [3015 0 61]
 ST 135-2  5.924e+02  [-35 1.732e-02 5.903e-03 9.986e-06]  [2157 0 81]
 ST 135-3s 5.938e+02  [-123 6.658e-07 2.269e-07 9.993e-06]  [4169 -1 89]
 ST 136-1  5.954e+02  [0 1.000e+00 1.891e-01 9.996e-06]  [3113 0 61]
 ST 136-2  5.963e+02  [-40 9.833e-03 1.859e-03 9.988e-06]  [2618 0 84]
 ST 136-3s 5.978e+02  [-129 3.164e-07 5.983e-08 2.211e-05]  [4177 -1 89]
 ST 137-1  5.992e+02  [0 1.000e+00 1.727e-01 9.979e-06]  [2687 -1 57]
 ST 137-2  6.001e+02  [-36 1.534e-02 2.648e-03 9.990e-06]  [2410 0 83]
 ST 137-3s 6.016e+02  [-127 4.196e-07 7.246e-08 1.828e-05]  [4198 -1 89]
 ST 138-1  6.030e+02  [0 1.000e+00 1.037e-01 9.994e-06]  [2727 -1 58]
 ST 138-2  6.039e+02  [-39 1.020e-02 1.058e-03 9.989e-06]  [2488 -1 83]
 ST 138-3s 6.055e+02  [-132 2.368e-07 2.456e-08 5.393e-05]  [4491 0 90]
 ST 139-1  6.071e+02  [0 1.000e+00 6.786e-02 9.993e-06]  [3478 0 64]
 ST 139-2  6.082e+02  [-46 4.871e-03 3.306e-04 9.993e-06]  [3085 0 86]
 ST 139-3s 6.098e+02  [-140 9.465e-08 6.424e-09 2.066e-04]  [4516 0 90]
 ST 140-1  6.115e+02  [0 1.000e+00 4.707e-02 9.996e-06]  [3614 -1 64]
 ST 140-2  6.129e+02  [-57 1.354e-03 6.373e-05 9.986e-06]  [3869 -1 88]
 ST 140-3s 6.139e+02  [-152 2.481e-08 1.168e-09 1.134e-03]  [2737 -1 84]
 ST 141-1  6.155e+02  [0 1.000e+00 1.080e-01 9.992e-06]  [3339 0 62]
 ST 141-2  6.168e+02  [-55 1.698e-03 1.835e-04 9.985e-06]  [3767 -1 88]
 ST 141-3s 6.179e+02  [-148 3.559e-08 3.845e-09 3.448e-04]  [3008 -1 86]
 ST 142-1  6.194e+02  [0 1.000e+00 2.130e-01 9.987e-06]  [2986 -1 60]
 ST 142-2  6.206e+02  [-47 4.068e-03 8.663e-04 9.997e-06]  [3170 0 86]
 ST 142-3s 6.218e+02  [-140 9.566e-08 2.037e-08 6.507e-05]  [3604 -1 88]
 ST 143-1  6.233e+02  [0 1.000e+00 2.643e-01 9.990e-06]  [2868 0 60]
 ST 143-2  6.243e+02  [-49 3.486e-03 9.212e-04 9.987e-06]  [2820 0 85]
 ST 143-3s 6.256e+02  [-140 9.643e-08 2.549e-08 5.204e-05]  [3722 -1 88]
 ST 144-1  6.271e+02  [0 1.000e+00 2.767e-01 9.979e-06]  [2658 0 58]
 ST 144-2  6.281e+02  [-56 1.495e-03 4.136e-04 9.988e-06]  [3014 0 86]
 ST 144-3s 6.294e+02  [-146 4.959e-08 1.372e-08 9.663e-05]  [3441 0 87]
 ST 145-1  6.307e+02  [0 1.000e+00 2.983e-01 9.983e-06]  [2520 0 55]
 ST 145-2  6.320e+02  [-54 1.931e-03 5.762e-04 9.986e-06]  [3674 0 88]
 ST 145-3s 6.334e+02  [-142 7.100e-08 2.118e-08 6.256e-05]  [4074 -1 89]
 ST 146-1  6.349e+02  [0 1.000e+00 3.370e-01 9.983e-06]  [2696 -1 58]
 ST 146-2  6.363e+02  [-59 1.037e-03 3.493e-04 9.993e-06]  [3994 0 89]
 ST 146-3s 6.376e+02  [-146 4.711e-08 1.587e-08 8.340e-05]  [3961 -1 89]
 ST 147-1  6.391e+02  [0 1.000e+00 3.400e-01 9.998e-06]  [2737 -1 58]
 ST 147-2  6.405e+02  [-62 7.858e-04 2.672e-04 9.984e-06]  [4118 -1 89]
 ST 147-3s 6.418e+02  [-148 3.979e-08 1.353e-08 9.802e-05]  [3765 -1 88]
 ST 148-1  6.432e+02  [0 1.000e+00 3.590e-01 9.986e-06]  [2734 -1 58]
 ST 148-2  6.447e+02  [-63 6.329e-04 2.272e-04 9.997e-06]  [4107 -1 89]
 ST 148-3s 6.460e+02  [-148 3.633e-08 1.304e-08 1.016e-04]  [3795 -1 88]
 ST 149-1  6.474e+02  [0 1.000e+00 3.659e-01 9.988e-06]  [2565 0 56]
 ST 149-2  6.489e+02  [-70 2.855e-04 1.044e-04 9.998e-06]  [4474 -1 90]
 ST 149-3s 6.502e+02  [-152 2.448e-08 8.957e-09 1.480e-04]  [3778 0 88]
 ST 150-1  6.514e+02  [0 1.000e+00 3.450e-01 9.991e-06]  [1759 -1 46]
 ST 150-2  6.531e+02  [-79 1.052e-04 3.631e-05 9.990e-06]  [5084 -1 91]
 ST 150-3s 6.542e+02  [-153 2.223e-08 7.669e-09 1.729e-04]  [3140 -1 86]
 ST 151-1  6.556e+02  [0 1.000e+00 3.235e-01 9.978e-06]  [2443 -1 54]
 ST 151-2  6.570e+02  [-91 2.649e-05 8.570e-06 9.989e-06]  [3875 -1 89]
 ST 151-3s 6.578e+02  [-156 1.459e-08 4.719e-09 2.808e-04]  [2380 -1 83]
 ST 152-1  6.593e+02  [0 1.000e+00 2.790e-01 9.988e-06]  [2735 -1 58]
 ST 152-2  6.610e+02  [-78 1.166e-04 3.252e-05 9.996e-06]  [4859 0 91]
 ST 152-3s 6.621e+02  [-153 2.020e-08 5.634e-09 2.351e-04]  [3144 -1 86]
 ST 153-1  6.636e+02  [0 1.000e+00 2.469e-01 9.989e-06]  [2790 -1 58]
 ST 153-2  6.654e+02  [-83 6.558e-05 1.619e-05 9.991e-06]  [5300 -1 91]
 ST 153-3s 6.663e+02  [-153 2.110e-08 5.209e-09 2.543e-04]  [2724 0 85]
 ST 154-1  6.678e+02  [0 1.000e+00 2.370e-01 9.995e-06]  [2756 0 57]
 ST 154-2  6.696e+02  [-84 6.138e-05 1.455e-05 9.989e-06]  [5413 0 91]
 ST 154-3s 6.706e+02  [-153 2.199e-08 5.212e-09 2.544e-04]  [2639 -1 84]
 ST 155-1  6.721e+02  [0 1.000e+00 2.136e-01 9.996e-06]  [2749 -1 57]
 ST 155-2  6.741e+02  [-79 1.075e-04 2.296e-05 9.995e-06]  [5173 0 92]
 ST 155-3s 6.751e+02  [-152 2.330e-08 4.975e-09 2.663e-04]  [2877 0 85]
 ST 156-1  6.765e+02  [0 1.000e+00 1.937e-01 9.995e-06]  [2697 -1 58]
 ST 156-2  6.783e+02  [-83 7.075e-05 1.370e-05 9.986e-06]  [5348 -1 91]
 ST 156-3s 6.793e+02  [-153 2.172e-08 4.207e-09 3.152e-04]  [2620 0 84]
 ST 157-1  6.808e+02  [0 1.000e+00 1.824e-01 9.991e-06]  [2727 0 57]
 ST 157-2  6.825e+02  [-83 6.934e-05 1.265e-05 9.996e-06]  [5032 -1 91]
 ST 157-3s 6.834e+02  [-154 1.814e-08 3.310e-09 4.005e-04]  [2596 -1 84]
 ST 158-1  6.849e+02  [0 1.000e+00 1.652e-01 9.983e-06]  [2797 -1 59]
 ST 158-2  6.864e+02  [-82 7.191e-05 1.188e-05 9.993e-06]  [4311 -1 90]
 ST 158-3s 6.873e+02  [-155 1.651e-08 2.727e-09 4.860e-04]  [2504 0 83]
 ST 159-1  6.887e+02  [0 1.000e+00 1.556e-01 9.992e-06]  [2672 -1 58]
 ST 159-2  6.903e+02  [-87 4.198e-05 6.532e-06 9.982e-06]  [4593 0 90]
 ST 159-3s 6.911e+02  [-156 1.547e-08 2.408e-09 5.508e-04]  [2241 -1 82]
 ST 160-1  6.925e+02  [0 1.000e+00 1.474e-01 9.988e-06]  [2670 0 58]
 ST 160-2  6.943e+02  [-84 6.079e-05 8.958e-06 9.990e-06]  [5235 -1 91]
 ST 160-3s 6.952e+02  [-154 1.930e-08 2.844e-09 4.659e-04]  [2414 0 83]
 ST 161-1  6.966e+02  [0 1.000e+00 1.382e-01 9.989e-06]  [2610 0 57]
 ST 161-2  6.983e+02  [-90 3.160e-05 4.368e-06 9.975e-06]  [5117 0 91]
 ST 161-3s 6.991e+02  [-154 1.981e-08 2.738e-09 4.845e-04]  [2036 -1 81]
 ST 162-1  7.005e+02  [0 1.000e+00 1.399e-01 9.998e-06]  [2689 -1 57]
 ST 162-2  7.021e+02  [-91 2.517e-05 3.520e-06 9.989e-06]  [4487 -1 90]
 ST 162-3s 7.028e+02  [-154 1.943e-08 2.717e-09 4.880e-04]  [1906 0 79]
 ST 163-1  7.042e+02  [0 1.000e+00 1.359e-01 9.990e-06]  [2675 0 58]
 ST 163-2  7.057e+02  [-90 2.855e-05 3.878e-06 9.965e-06]  [4281 -1 90]
 ST 163-3s 7.065e+02  [-154 1.930e-08 2.622e-09 5.058e-04]  [1960 0 79]
 ST 164-1  7.079e+02  [0 1.000e+00 1.372e-01 9.994e-06]  [2532 -1 56]
 ST 164-2  7.095e+02  [-82 7.895e-05 1.083e-05 9.998e-06]  [4904 0 91]
 ST 164-3s 7.105e+02  [-154 1.981e-08 2.719e-09 4.879e-04]  [2508 0 83]
 ST 165-1  7.118e+02  [0 1.000e+00 1.436e-01 9.982e-06]  [2321 0 54]
 ST 165-2  7.134e+02  [-76 1.498e-04 2.151e-05 1.000e-05]  [4814 0 91]
 ST 165-3s 7.144e+02  [-152 2.268e-08 3.257e-09 4.069e-04]  [2867 0 85]
 ST 166-1  7.157e+02  [0 1.000e+00 1.495e-01 9.989e-06]  [1962 -1 49]
 ST 166-2  7.172e+02  [-71 2.685e-04 4.014e-05 9.996e-06]  [4416 -1 90]
 ST 166-3s 7.183e+02  [-150 3.053e-08 4.564e-09 2.903e-04]  [3188 0 87]
 ST 167-1  7.197e+02  [0 1.000e+00 1.613e-01 9.993e-06]  [2424 -1 54]
 ST 167-2  7.209e+02  [-67 4.002e-04 6.454e-05 9.974e-06]  [3455 -1 88]
 ST 167-3s 7.221e+02  [-148 3.642e-08 5.873e-09 2.260e-04]  [3305 -1 87]
 ST 168-1  7.235e+02  [0 1.000e+00 1.700e-01 9.987e-06]  [2608 0 56]
 ST 168-2  7.248e+02  [-68 3.554e-04 6.041e-05 9.995e-06]  [3764 -1 88]
 ST 168-3s 7.260e+02  [-148 3.572e-08 6.071e-09 2.183e-04]  [3404 -1 87]
 ST 169-1  7.274e+02  [0 1.000e+00 1.744e-01 9.994e-06]  [2645 -1 57]
 ST 169-2  7.288e+02  [-68 3.640e-04 6.348e-05 9.988e-06]  [3852 0 88]
 ST 169-3s 7.300e+02  [-148 3.811e-08 6.646e-09 1.994e-04]  [3451 -1 87]
 ST 170-1  7.314e+02  [0 1.000e+00 1.834e-01 9.998e-06]  [2601 -1 57]
 ST 170-2  7.327e+02  [-67 4.176e-04 7.656e-05 9.994e-06]  [3891 0 89]
 ST 170-3s 7.340e+02  [-146 4.572e-08 8.383e-09 1.582e-04]  [3547 -1 88]
 ST 171-1  7.353e+02  [0 1.000e+00 1.930e-01 9.983e-06]  [2462 0 56]
 ST 171-2  7.367e+02  [-67 4.103e-04 7.921e-05 9.996e-06]  [4008 -1 89]
 ST 171-3s 7.380e+02  [-146 4.899e-08 9.457e-09 1.402e-04]  [3563 -1 88]
 ST 172-1  7.393e+02  [0 1.000e+00 2.001e-01 9.999e-06]  [2349 0 55]
 ST 172-2  7.407e+02  [-67 4.254e-04 8.513e-05 9.987e-06]  [4049 0 89]
 ST 172-3s 7.420e+02  [-145 5.297e-08 1.060e-08 1.250e-04]  [3600 0 88]
 ST 173-1  7.433e+02  [0 1.000e+00 2.104e-01 9.990e-06]  [2271 -1 54]
 ST 173-2  7.446e+02  [-66 4.613e-04 9.705e-05 9.999e-06]  [4000 0 89]
 ST 173-3s 7.459e+02  [-144 5.980e-08 1.258e-08 1.055e-04]  [3653 -1 88]
 ST 174-1  7.472e+02  [0 1.000e+00 2.214e-01 9.992e-06]  [2270 -1 54]
 ST 174-2  7.485e+02  [-66 4.881e-04 1.080e-04 9.987e-06]  [3809 -1 89]
 ST 174-3s 7.498e+02  [-143 6.574e-08 1.455e-08 9.116e-05]  [3652 -1 88]
 ST 175-1  7.511e+02  [0 1.000e+00 2.328e-01 9.983e-06]  [2325 -1 54]
 ST 175-2  7.524e+02  [-65 5.122e-04 1.192e-04 9.999e-06]  [3596 -1 88]
 ST 175-3s 7.536e+02  [-142 7.233e-08 1.684e-08 7.870e-05]  [3501 -1 88]
 ST 176-1  7.549e+02  [0 1.000e+00 2.454e-01 9.979e-06]  [2342 -1 54]
 ST 176-2  7.562e+02  [-65 5.497e-04 1.349e-04 9.992e-06]  [3518 -1 88]
 ST 176-3s 7.573e+02  [-141 8.143e-08 1.999e-08 6.629e-05]  [3197 -1 87]
 ST 177-1  7.587e+02  [0 1.000e+00 2.599e-01 9.988e-06]  [2330 -1 54]
 ST 177-2  7.599e+02  [-64 5.906e-04 1.535e-04 9.996e-06]  [3557 -1 88]
 ST 177-3s 7.611e+02  [-140 9.326e-08 2.424e-08 5.468e-05]  [3487 0 88]
 ST 178-1  7.624e+02  [0 1.000e+00 2.756e-01 9.978e-06]  [2267 -1 54]
 ST 178-2  7.637e+02  [-64 6.217e-04 1.713e-04 9.993e-06]  [3600 -1 88]
 ST 178-3s 7.650e+02  [-139 1.048e-07 2.888e-08 4.591e-05]  [3716 -1 88]
 ST 179-1  7.663e+02  [0 1.000e+00 2.925e-01 9.978e-06]  [2232 -1 53]
 ST 179-2  7.676e+02  [-63 6.703e-04 1.961e-04 9.999e-06]  [3616 -1 88]
 ST 179-3s 7.689e+02  [-138 1.197e-07 3.502e-08 3.788e-05]  [3852 -1 89]
 ST 180-1  7.702e+02  [0 1.000e+00 3.123e-01 9.991e-06]  [2178 -1 53]
 ST 180-2  7.715e+02  [-62 7.186e-04 2.244e-04 9.986e-06]  [3637 0 88]
 ST 180-3s 7.728e+02  [-137 1.373e-07 4.288e-08 3.094e-05]  [3957 -1 89]
 ST 181-1  7.741e+02  [0 1.000e+00 3.341e-01 9.982e-06]  [2164 -1 53]
 ST 181-2  7.754e+02  [-62 7.736e-04 2.584e-04 9.994e-06]  [3638 0 88]
 ST 181-3s 7.768e+02  [-136 1.573e-07 5.254e-08 2.524e-05]  [4031 0 89]
 ST 182-1  7.780e+02  [0 1.000e+00 3.590e-01 9.996e-06]  [2179 -1 53]
 ST 182-2  7.793e+02  [-61 8.388e-04 3.011e-04 9.998e-06]  [3597 -1 88]
 ST 182-3s 7.807e+02  [-134 1.820e-07 6.533e-08 2.031e-05]  [4087 0 89]
 ST 183-1  7.820e+02  [0 1.000e+00 3.878e-01 9.999e-06]  [2225 -1 52]
 ST 183-2  7.833e+02  [-60 9.118e-04 3.536e-04 9.993e-06]  [3544 0 88]
 ST 183-3s 7.847e+02  [-133 2.108e-07 8.175e-08 1.622e-05]  [4123 -1 89]
 ST 184-1  7.860e+02  [0 1.000e+00 4.209e-01 9.974e-06]  [2253 0 54]
 ST 184-2  7.872e+02  [-60 9.917e-04 4.174e-04 9.976e-06]  [3456 -1 87]
 ST 184-3s 7.886e+02  [-132 2.450e-07 1.031e-07 1.285e-05]  [4144 0 89]
 ST 185-1  7.899e+02  [0 1.000e+00 4.594e-01 9.998e-06]  [2286 -1 54]
 ST 185-2  7.911e+02  [-59 1.083e-03 4.974e-04 9.997e-06]  [3364 -1 87]
 ST 185-3s 7.926e+02  [-130 2.864e-07 1.316e-07 1.008e-05]  [4192 0 89]
 ST 186-1  7.939e+02  [0 1.000e+00 5.047e-01 9.992e-06]  [2316 0 55]
 ST 186-2  7.950e+02  [-58 1.190e-03 6.005e-04 9.982e-06]  [3255 -1 87]
 ST 186-3s 7.965e+02  [-129 3.371e-07 1.701e-07 1.000e-05]  [4147 0 89]
 ST 187-1  7.978e+02  [0 1.000e+00 5.587e-01 9.982e-06]  [2320 0 54]
 ST 187-2  7.989e+02  [-57 1.309e-03 7.313e-04 9.990e-06]  [3164 0 86]
 ST 187-3s 8.003e+02  [-128 3.977e-07 2.222e-07 1.000e-05]  [4122 -1 89]
 ST 188-1  8.017e+02  [0 1.000e+00 6.235e-01 1.000e-05]  [2289 -1 53]
 ST 188-2  8.028e+02  [-56 1.478e-03 9.217e-04 9.990e-06]  [3103 -1 86]
 ST 188-3s 8.042e+02  [-126 4.810e-07 2.999e-07 9.980e-06]  [4141 0 89]
 ST 189-1  8.055e+02  [0 1.000e+00 7.035e-01 9.995e-06]  [2247 0 54]
 ST 189-2  8.066e+02  [-56 1.547e-03 1.088e-03 9.989e-06]  [3106 -1 86]
 ST 189-3s 8.080e+02  [-125 5.461e-07 3.842e-07 9.978e-06]  [4140 0 89]
 ST 190-1  8.093e+02  [0 1.000e+00 7.915e-01 9.995e-06]  [2191 -1 53]
 ST 190-2  8.104e+02  [-55 1.728e-03 1.368e-03 9.987e-06]  [3120 0 86]
 ST 190-3s 8.118e+02  [-123 6.540e-07 5.176e-07 9.996e-06]  [4146 0 89]
 ST 191-1  8.131e+02  [0 1.000e+00 9.083e-01 9.981e-06]  [2133 -1 52]
 ST 191-2  8.142e+02  [-54 1.938e-03 1.760e-03 9.990e-06]  [3128 0 86]
 ST 191-3s 8.156e+02  [-122 7.899e-07 7.175e-07 9.997e-06]  [4145 0 89]
 ST 192-1  8.169e+02  [0 1.000e+00 1.052e+00 9.995e-06]  [2079 -1 52]
 ST 192-2  8.180e+02  [-53 2.118e-03 2.229e-03 9.982e-06]  [3146 -1 86]
 ST 192-3s 8.194e+02  [-120 9.400e-07 9.892e-07 9.989e-06]  [4130 -1 89]
 ST 193-1  8.206e+02  [0 1.000e+00 1.227e+00 9.968e-06]  [2048 0 51]
 ST 193-2  8.218e+02  [-52 2.293e-03 2.813e-03 9.978e-06]  [3144 -1 86]
 ST 193-3s 8.232e+02  [-119 1.101e-06 1.351e-06 9.983e-06]  [4122 -1 89]
 ST 194-1  8.244e+02  [0 1.000e+00 1.443e+00 9.979e-06]  [2033 -1 51]
 ST 194-2  8.255e+02  [-52 2.456e-03 3.544e-03 9.987e-06]  [3113 0 86]
 ST 194-3s 8.269e+02  [-117 1.274e-06 1.839e-06 9.996e-06]  [4109 -1 89]
 ST 195-1  8.281e+02  [0 1.000e+00 1.708e+00 9.968e-06]  [2035 -1 51]
 ST 195-2  8.292e+02  [-51 2.572e-03 4.394e-03 9.980e-06]  [3068 0 86]
 ST 195-3s 8.307e+02  [-116 1.438e-06 2.457e-06 9.983e-06]  [4098 0 89]
 ST 196-1  8.319e+02  [0 1.000e+00 2.029e+00 9.975e-06]  [2044 0 50]
 ST 196-2  8.330e+02  [-51 2.590e-03 5.255e-03 9.996e-06]  [3002 -1 86]
 ST 196-3s 8.344e+02  [-116 1.570e-06 3.187e-06 9.997e-06]  [4092 0 89]
 ST 197-1  8.357e+02  [0 1.000e+00 2.403e+00 9.976e-06]  [2056 -1 51]
 ST 197-2  8.367e+02  [-52 2.454e-03 5.895e-03 9.998e-06]  [2898 -1 85]
 ST 197-3s 8.381e+02  [-115 1.652e-06 3.969e-06 9.987e-06]  [4088 0 89]
 ST 198-1  8.394e+02  [0 1.000e+00 2.812e+00 9.978e-06]  [2122 -1 51]
 ST 198-2  8.404e+02  [-53 2.098e-03 5.900e-03 9.982e-06]  [2750 -1 85]
 ST 198-3s 8.418e+02  [-115 1.641e-06 4.614e-06 9.995e-06]  [4090 0 89]
 ST 199-1  8.432e+02  [0 1.000e+00 3.186e+00 9.979e-06]  [2469 0 56]
 ST 199-2  8.445e+02  [-63 6.808e-04 2.169e-03 9.987e-06]  [3642 0 88]
 ST 199-3s 8.457e+02  [-120 9.972e-07 3.177e-06 9.984e-06]  [3587 0 88]
 ST 200-1  8.474e+02  [0 1.000e+00 2.605e+00 9.991e-06]  [3604 -1 65]
 ST 200-2  8.480e+02  [-8 3.813e-01 9.931e-01 9.966e-06]  [1442 0 74]
 ST 200-3  8.496e+02  [-99 1.038e-05 2.703e-05 9.965e-06]  [4593 0 90]
 ST 200-4s 8.510e+02  [-149 3.503e-08 9.123e-08 1.454e-05]  [3487 0 79]
