---------------------------------------------------------------------
 Eq     N-i     T       dB  Ri/R1   Ri/R0    R/Ri     lsIt   dB  %t
---------------------------------------------------------------------
 ST 1-1  9.170e-01  [0 1.000e+00 1.000e+00 9.971e-06]  [1003 -2 50]
 ST 1-2  2.001e+00  [-82 7.244e-05 7.244e-05 9.975e-06]  [1369 -3 58]
 ST 1-3s 2.937e+00  [-178 1.232e-09 1.232e-09 1.195e-03]  [1071 -3 53]
 ST 2-1  6.566e+00  [0 1.000e+00 1.379e+00 9.989e-06]  [982 -1 12]
 ST 2-2  7.874e+00  [-95 1.606e-05 2.214e-05 9.948e-06]  [1893 0 66]
 ST 2-3s 8.625e+00  [-181 8.679e-10 1.197e-09 1.233e-03]  [646 -2 39]
 ST 3-1  1.086e+01  [0 1.000e+00 1.172e+00 9.971e-06]  [952 -2 20]
 ST 3-2  1.206e+01  [-89 3.204e-05 3.757e-05 9.955e-06]  [1789 0 65]
 ST 3-3s 1.279e+01  [-177 1.259e-09 1.476e-09 9.954e-04]  [697 -2 42]
 ST 4-1  1.484e+01  [0 1.000e+00 9.579e-01 9.985e-06]  [887 -1 20]
 ST 4-2  1.602e+01  [-98 1.211e-05 1.160e-05 9.952e-06]  [1588 0 64]
 ST 4-3s 1.679e+01  [-178 1.152e-09 1.103e-09 1.332e-03]  [717 0 43]
 ST 5-1  1.887e+01  [0 1.000e+00 6.209e-01 9.990e-06]  [800 -2 19]
 ST 5-2  2.014e+01  [-93 2.061e-05 1.280e-05 9.979e-06]  [1845 0 66]
 ST 5-3s 2.091e+01  [-178 1.174e-09 7.287e-10 2.019e-03]  [725 -1 43]
 ST 6-1  2.294e+01  [0 1.000e+00 4.483e-01 9.981e-06]  [828 -1 19]
 ST 6-2  2.420e+01  [-98 1.186e-05 5.316e-06 9.930e-06]  [1661 -1 65]
 ST 6-3s 2.492e+01  [-175 1.631e-09 7.312e-10 2.009e-03]  [574 0 38]
 ST 7-1  2.717e+01  [0 1.000e+00 2.465e-01 9.960e-06]  [903 -2 22]
 ST 7-2  2.838e+01  [-97 1.400e-05 3.452e-06 9.975e-06]  [1567 -2 64]
 ST 7-3s 2.908e+01  [-175 1.637e-09 4.036e-10 3.646e-03]  [469 0 33]
 ST 8-1  3.186e+01  [0 1.000e+00 1.815e-01 9.995e-06]  [914 -3 22]
 ST 8-2  3.380e+01  [-99 1.047e-05 1.901e-06 9.992e-06]  [1965 -1 73]
 ST 8-3s 3.457e+01  [-176 1.582e-09 2.872e-10 5.114e-03]  [438 -2 37]
 ST 9-1  3.711e+01  [0 1.000e+00 8.192e-02 9.974e-06]  [1045 -1 22]
 ST 9-2  4.001e+01  [-99 1.046e-05 8.568e-07 9.936e-06]  [1383 -1 29]
 ST 9-3s 4.063e+01  [-175 1.645e-09 1.347e-10 1.091e-02]  [296 -2 22]
 ST 10-1  4.347e+01  [0 1.000e+00 7.292e-02 9.960e-06]  [1080 0 34]
 ST 10-2  4.549e+01  [-99 1.028e-05 7.498e-07 9.972e-06]  [1942 0 67]
 ST 10-3s 4.620e+01  [-175 1.683e-09 1.227e-10 1.196e-02]  [280 -1 23]
 ST 11-1  4.885e+01  [0 1.000e+00 2.391e-02 9.995e-06]  [1279 0 24]
 ST 11-2  5.045e+01  [-99 1.065e-05 2.546e-07 9.953e-06]  [1977 -2 69]
 ST 11-3s 5.105e+01  [-174 1.835e-09 4.388e-11 3.348e-02]  [100 -5 10]
 ST 12-1  5.401e+01  [0 1.000e+00 3.286e-02 9.976e-06]  [1253 -2 29]
 ST 12-2  5.561e+01  [-99 1.090e-05 3.582e-07 9.960e-06]  [1481 0 65]
 ST 12-3s 5.630e+01  [-174 1.782e-09 5.856e-11 2.504e-02]  [131 -2 11]
 ST 13-1  5.999e+01  [0 1.000e+00 1.612e-02 9.978e-06]  [1383 0 28]
 ST 13-2  6.187e+01  [-97 1.283e-05 2.068e-07 9.981e-06]  [1874 -2 66]
 ST 13-3s 6.252e+01  [-173 2.042e-09 3.292e-11 4.465e-02]  [88 -3 8]
 ST 14-1  6.576e+01  [0 1.000e+00 2.035e-02 9.950e-06]  [1356 -2 29]
 ST 14-2  6.781e+01  [-98 1.185e-05 2.412e-07 9.951e-06]  [1892 0 67]
 ST 14-3s 6.854e+01  [-174 1.857e-09 3.778e-11 3.853e-02]  [99 -5 9]
 ST 15-1  7.381e+01  [0 1.000e+00 2.174e-02 9.976e-06]  [1341 -1 51]
 ST 15-2  7.611e+01  [-97 1.313e-05 2.854e-07 9.995e-06]  [1831 -3 66]
 ST 15-3s 7.697e+01  [-175 1.772e-09 3.852e-11 3.810e-02]  [105 0 10]
 ST 16-1  8.088e+01  [0 1.000e+00 1.921e-02 9.943e-06]  [1361 -2 30]
 ST 16-2  8.355e+01  [-98 1.205e-05 2.314e-07 9.977e-06]  [1935 -3 64]
 ST 16-3s 8.442e+01  [-174 1.787e-09 3.434e-11 4.264e-02]  [96 -5 13]
 ST 17-1  8.995e+01  [0 1.000e+00 2.422e-02 9.973e-06]  [1311 -2 32]
 ST 17-2  9.373e+01  [-97 1.342e-05 3.249e-07 9.995e-06]  [1764 -1 64]
 ST 17-3s 9.486e+01  [-176 1.581e-09 3.830e-11 3.847e-02]  [108 -1 9]
 ST 18-1  9.980e+01  [0 1.000e+00 1.944e-02 9.966e-06]  [1346 -1 26]
 ST 18-2  1.021e+02  [-98 1.245e-05 2.421e-07 9.915e-06]  [1700 -1 62]
 ST 18-3s 1.029e+02  [-175 1.679e-09 3.264e-11 4.451e-02]  [95 -5 9]
 ST 19-1  1.083e+02  [0 1.000e+00 2.186e-02 9.951e-06]  [1319 -3 21]
 ST 19-2  1.105e+02  [-97 1.339e-05 2.928e-07 9.944e-06]  [1975 -2 67]
 ST 19-3s 1.112e+02  [-176 1.497e-09 3.272e-11 4.447e-02]  [100 -6 10]
 ST 20-1  1.147e+02  [0 1.000e+00 1.748e-02 9.975e-06]  [1347 -1 29]
 ST 20-2  1.164e+02  [-97 1.356e-05 2.370e-07 9.983e-06]  [1443 0 60]
 ST 20-3s 1.171e+02  [-175 1.687e-09 2.949e-11 4.922e-02]  [94 -5 9]
 ST 21-1  1.207e+02  [0 1.000e+00 1.743e-02 9.992e-06]  [1347 -1 27]
 ST 21-2  1.226e+02  [-97 1.348e-05 2.350e-07 9.983e-06]  [1648 -1 65]
 ST 21-3s 1.233e+02  [-175 1.641e-09 2.861e-11 5.142e-02]  [93 -4 9]
 ST 22-1  1.270e+02  [0 1.000e+00 1.647e-02 9.970e-06]  [1337 -1 28]
 ST 22-2  1.292e+02  [-96 1.457e-05 2.400e-07 9.989e-06]  [1928 -2 66]
 ST 22-3s 1.300e+02  [-175 1.650e-09 2.718e-11 5.416e-02]  [94 -4 9]
 ST 23-1  1.338e+02  [0 1.000e+00 1.567e-02 9.942e-06]  [1346 -1 27]
 ST 23-2  1.358e+02  [-98 1.245e-05 1.951e-07 9.934e-06]  [1692 -1 64]
 ST 23-3s 1.366e+02  [-175 1.685e-09 2.640e-11 5.524e-02]  [82 -2 7]
 ST 24-1  1.415e+02  [0 1.000e+00 1.841e-02 9.979e-06]  [1292 -1 19]
 ST 24-2  1.435e+02  [-97 1.371e-05 2.525e-07 9.979e-06]  [1741 0 66]
 ST 24-3s 1.443e+02  [-176 1.447e-09 2.665e-11 5.400e-02]  [97 -5 9]
 ST 25-1  1.477e+02  [0 1.000e+00 1.728e-02 9.987e-06]  [1303 -2 28]
 ST 25-2  1.494e+02  [-98 1.126e-05 1.945e-07 9.896e-06]  [1286 -1 61]
 ST 25-3s 1.502e+02  [-176 1.521e-09 2.628e-11 5.591e-02]  [77 -1 7]
 ST 26-1  1.536e+02  [0 1.000e+00 1.893e-02 9.991e-06]  [1263 -2 26]
 ST 26-2  1.555e+02  [-97 1.261e-05 2.386e-07 9.982e-06]  [1831 -3 66]
 ST 26-3s 1.561e+02  [-177 1.363e-09 2.581e-11 5.651e-02]  [95 -4 9]
 ST 27-1  1.597e+02  [0 1.000e+00 1.612e-02 9.991e-06]  [1291 -1 28]
 ST 27-2  1.618e+02  [-99 1.104e-05 1.780e-07 9.986e-06]  [1771 -2 65]
 ST 27-3s 1.625e+02  [-176 1.575e-09 2.538e-11 5.809e-02]  [74 -1 6]
 ST 28-1  1.664e+02  [0 1.000e+00 1.398e-02 9.988e-06]  [1292 -1 28]
 ST 28-2  1.684e+02  [-98 1.199e-05 1.676e-07 9.993e-06]  [1712 -2 63]
 ST 28-3s 1.691e+02  [-175 1.724e-09 2.411e-11 6.110e-02]  [66 0 6]
 ST 29-1  1.725e+02  [0 1.000e+00 1.230e-02 9.947e-06]  [1309 -2 27]
 ST 29-2  1.759e+02  [-98 1.194e-05 1.469e-07 1.004e-05]  [1577 -3 34]
 ST 29-3s 1.766e+02  [-174 1.959e-09 2.409e-11 6.114e-02]  [24 -28 2]
 ST 30-1  1.802e+02  [0 1.000e+00 1.950e-01 9.970e-06]  [1336 -1 26]
 ST 30-2  1.816e+02  [-70 3.012e-04 5.872e-05 9.915e-06]  [1030 -1 53]
 ST 30-3s 1.830e+02  [-170 3.112e-09 6.066e-10 2.425e-03]  [1070 -3 53]
 ST 31-1  1.865e+02  [0 1.000e+00 7.888e+00 9.989e-06]  [1328 0 30]
 ST 31-2  1.877e+02  [-38 1.203e-02 9.491e-02 9.991e-06]  [742 -1 42]
 ST 31-3s 1.894e+02  [-122 7.341e-07 5.790e-06 9.984e-06]  [1596 -1 63]
 ST 32-1  1.931e+02  [0 1.000e+00 4.882e+00 9.964e-06]  [1545 -1 31]
 ST 32-2  1.943e+02  [-24 5.993e-02 2.926e-01 9.946e-06]  [683 -1 44]
 ST 32-3  1.961e+02  [-91 2.622e-05 1.280e-04 9.937e-06]  [1351 -1 61]
 ST 32-4s 1.980e+02  [-136 1.513e-07 7.385e-07 9.997e-06]  [1254 -2 61]
 ST 33-1  2.029e+02  [0 1.000e+00 8.308e+00 9.944e-06]  [1445 -1 25]
 ST 33-2  2.044e+02  [-30 2.887e-02 2.398e-01 9.995e-06]  [833 -1 47]
 ST 33-3  2.061e+02  [-86 4.584e-05 3.809e-04 9.978e-06]  [1316 -3 57]
 ST 33-4s 2.095e+02  [-128 3.912e-07 3.250e-06 9.979e-06]  [1274 -3 31]
 ST 34-1  2.132e+02  [0 1.000e+00 1.043e+01 9.967e-06]  [1318 -3 27]
 ST 34-2  2.149e+02  [-37 1.277e-02 1.331e-01 9.958e-06]  [1032 -1 59]
 ST 34-3  2.192e+02  [-87 4.184e-05 4.363e-04 9.960e-06]  [1298 -1 69]
 ST 34-4s 2.228e+02  [-132 2.259e-07 2.356e-06 9.993e-06]  [1218 -3 51]
 ST 35-1  2.295e+02  [0 1.000e+00 1.489e+01 9.952e-06]  [1187 -1 22]
 ST 35-2  2.312e+02  [-21 8.592e-02 1.279e+00 9.945e-06]  [927 0 44]
 ST 35-3  2.324e+02  [-59 1.077e-03 1.604e-02 9.967e-06]  [890 -1 48]
 ST 35-4s 2.339e+02  [-110 2.887e-06 4.299e-05 9.937e-06]  [980 -1 51]
 ST 36-1  2.371e+02  [0 1.000e+00 1.250e+01 9.960e-06]  [1147 -2 24]
 ST 36-2  2.386e+02  [-30 3.134e-02 3.918e-01 1.000e-05]  [1109 -2 56]
 ST 36-3  2.401e+02  [-77 1.300e-04 1.626e-03 9.946e-06]  [1118 -3 59]
 ST 36-4s 2.436e+02  [-122 7.419e-07 9.274e-06 9.926e-06]  [1202 -2 30]
 ST 37-1  2.476e+02  [0 1.000e+00 1.243e+01 9.980e-06]  [1206 -2 26]
 ST 37-2  2.494e+02  [-34 1.963e-02 2.440e-01 9.949e-06]  [1146 -2 57]
 ST 37-3  2.510e+02  [-82 7.795e-05 9.691e-04 9.992e-06]  [1071 -3 56]
 ST 37-4s 2.527e+02  [-130 2.874e-07 3.574e-06 9.981e-06]  [1202 -2 60]
 ST 38-1  2.564e+02  [0 1.000e+00 9.972e+00 9.981e-06]  [1117 -3 28]
 ST 38-2  2.580e+02  [-38 1.197e-02 1.194e-01 9.984e-06]  [1087 -1 57]
 ST 38-3  2.602e+02  [-95 1.675e-05 1.670e-04 9.930e-06]  [1206 -2 62]
 ST 38-4s 2.620e+02  [-147 4.399e-08 4.387e-07 9.979e-06]  [1171 -4 59]
 ST 39-1  2.654e+02  [0 1.000e+00 6.535e+00 9.974e-06]  [1108 -2 28]
 ST 39-2  2.673e+02  [-46 4.772e-03 3.118e-02 9.992e-06]  [1129 0 58]
 ST 39-3s 2.691e+02  [-109 3.296e-06 2.154e-05 1.000e-05]  [1139 -1 57]
 ST 40-1  2.728e+02  [0 1.000e+00 5.007e+00 9.928e-06]  [1042 -1 25]
 ST 40-2  2.763e+02  [-50 2.988e-03 1.496e-02 9.928e-06]  [1105 -2 78]
 ST 40-3s 2.785e+02  [-115 1.690e-06 8.464e-06 9.996e-06]  [1350 -1 63]
 ST 41-1  2.823e+02  [0 1.000e+00 2.609e+00 9.943e-06]  [1239 -1 30]
 ST 41-2  2.840e+02  [-51 2.640e-03 6.888e-03 9.992e-06]  [1081 -1 58]
 ST 41-3s 2.860e+02  [-115 1.763e-06 4.600e-06 9.938e-06]  [1302 -1 61]
 ST 42-1  2.901e+02  [0 1.000e+00 2.413e+00 9.951e-06]  [1147 -2 27]
 ST 42-2  2.918e+02  [-53 2.117e-03 5.108e-03 9.967e-06]  [1117 -3 58]
 ST 42-3s 2.938e+02  [-117 1.290e-06 3.112e-06 9.955e-06]  [1295 -1 60]
 ST 43-1  2.976e+02  [0 1.000e+00 1.155e+00 9.976e-06]  [1199 -1 26]
 ST 43-2  2.993e+02  [-51 2.796e-03 3.229e-03 9.956e-06]  [1135 -1 56]
 ST 43-3s 3.013e+02  [-118 1.212e-06 1.399e-06 9.965e-06]  [1343 -1 62]
 ST 44-1  3.054e+02  [0 1.000e+00 1.189e+00 9.948e-06]  [1220 -3 27]
 ST 44-2  3.071e+02  [-55 1.631e-03 1.939e-03 9.965e-06]  [1175 0 59]
 ST 44-3s 3.111e+02  [-124 5.888e-07 6.999e-07 9.964e-06]  [1383 0 79]
 ST 45-1  3.148e+02  [0 1.000e+00 6.379e-01 9.993e-06]  [1239 -1 29]
 ST 45-2  3.165e+02  [-57 1.341e-03 8.552e-04 9.998e-06]  [1111 -2 61]
 ST 45-3s 3.185e+02  [-126 4.533e-07 2.892e-07 9.941e-06]  [1366 -2 63]
 ST 46-1  3.227e+02  [0 1.000e+00 4.491e-01 9.984e-06]  [1343 -1 30]
 ST 46-2  3.244e+02  [-59 1.015e-03 4.561e-04 9.997e-06]  [1197 -1 53]
 ST 46-3s 3.267e+02  [-129 3.416e-07 1.534e-07 9.963e-06]  [1447 -1 68]
 ST 47-1  3.307e+02  [0 1.000e+00 5.906e-01 9.970e-06]  [1288 -1 28]
 ST 47-2  3.325e+02  [-67 4.225e-04 2.495e-04 9.948e-06]  [1304 -2 61]
 ST 47-3s 3.346e+02  [-138 1.186e-07 7.007e-08 2.093e-05]  [1314 -2 62]
 ST 48-1  3.387e+02  [0 1.000e+00 4.243e-01 9.937e-06]  [1313 -2 31]
 ST 48-2  3.407e+02  [-67 4.278e-04 1.815e-04 9.965e-06]  [1408 -2 57]
 ST 48-3s 3.444e+02  [-139 1.025e-07 4.350e-08 3.381e-05]  [1330 0 80]
 ST 49-1  3.488e+02  [0 1.000e+00 9.447e-01 9.949e-06]  [1211 -2 28]
 ST 49-2  3.502e+02  [-60 9.700e-04 9.164e-04 9.999e-06]  [1269 -3 58]
 ST 49-3s 3.522e+02  [-134 1.828e-07 1.727e-07 9.965e-06]  [1521 -2 64]
 ST 50-1  3.560e+02  [0 1.000e+00 5.915e-01 9.945e-06]  [1289 -1 24]
 ST 50-2  3.575e+02  [-65 5.413e-04 3.202e-04 9.928e-06]  [1284 -1 58]
 ST 50-3s 3.590e+02  [-141 8.809e-08 5.211e-08 2.824e-05]  [1324 -3 60]
 ST 51-1  3.623e+02  [0 1.000e+00 7.560e-01 9.972e-06]  [1235 -1 28]
 ST 51-2  3.639e+02  [-65 5.167e-04 3.906e-04 9.981e-06]  [1419 -2 58]
 ST 51-3s 3.656e+02  [-140 9.232e-08 6.979e-08 2.106e-05]  [1446 -1 61]
 ST 52-1  3.694e+02  [0 1.000e+00 3.667e-01 9.950e-06]  [1326 -3 28]
 ST 52-2  3.711e+02  [-64 5.888e-04 2.159e-04 9.977e-06]  [1305 -2 58]
 ST 52-3s 3.727e+02  [-139 1.061e-07 3.890e-08 3.780e-05]  [1339 -1 60]
 ST 53-1  3.776e+02  [0 1.000e+00 4.938e-01 9.977e-06]  [1198 -1 52]
 ST 53-2  3.795e+02  [-67 4.238e-04 2.093e-04 9.967e-06]  [1432 0 61]
 ST 53-3s 3.812e+02  [-143 6.825e-08 3.371e-08 4.371e-05]  [1364 -2 58]
 ST 54-1  3.846e+02  [0 1.000e+00 2.666e-01 9.953e-06]  [1390 -1 28]
 ST 54-2  3.863e+02  [-64 6.266e-04 1.670e-04 9.980e-06]  [1400 -1 62]
 ST 54-3s 3.880e+02  [-140 9.622e-08 2.565e-08 5.730e-05]  [1311 -2 60]
 ST 55-1  3.913e+02  [0 1.000e+00 3.455e-01 9.939e-06]  [1307 -2 28]
 ST 55-2  3.929e+02  [-66 4.576e-04 1.581e-04 9.988e-06]  [1335 0 59]
 ST 55-3s 3.944e+02  [-142 7.368e-08 2.546e-08 5.779e-05]  [1205 -2 56]
 ST 56-1  3.981e+02  [0 1.000e+00 2.477e-01 9.991e-06]  [1361 -2 29]
 ST 56-2  3.999e+02  [-66 4.970e-04 1.231e-04 9.995e-06]  [1434 0 60]
 ST 56-3s 4.015e+02  [-141 8.312e-08 2.059e-08 7.137e-05]  [1265 -2 59]
 ST 57-1  4.062e+02  [0 1.000e+00 2.715e-01 9.954e-06]  [1370 -2 25]
 ST 57-2  4.080e+02  [-67 4.096e-04 1.112e-04 9.961e-06]  [1458 -2 58]
 ST 57-3s 4.113e+02  [-143 6.780e-08 1.841e-08 7.995e-05]  [1280 0 80]
 ST 58-1  4.149e+02  [0 1.000e+00 2.359e-01 1.000e-05]  [1269 -2 26]
 ST 58-2  4.166e+02  [-67 4.066e-04 9.589e-05 9.983e-06]  [1405 -2 59]
 ST 58-3s 4.182e+02  [-144 6.293e-08 1.484e-08 9.935e-05]  [1244 -1 57]
 ST 59-1  4.221e+02  [0 1.000e+00 2.309e-01 9.980e-06]  [1213 -2 26]
 ST 59-2  4.237e+02  [-69 3.505e-04 8.094e-05 9.963e-06]  [1465 -2 61]
 ST 59-3s 4.252e+02  [-146 4.993e-08 1.153e-08 1.278e-04]  [1193 -1 56]
 ST 60-1  4.285e+02  [0 1.000e+00 2.184e-01 9.967e-06]  [1299 -1 28]
 ST 60-2  4.302e+02  [-69 3.512e-04 7.669e-05 9.955e-06]  [1440 0 61]
 ST 60-3s 4.317e+02  [-145 5.026e-08 1.097e-08 1.339e-04]  [1186 -1 56]
 ST 61-1  4.351e+02  [0 1.000e+00 2.068e-01 9.980e-06]  [1242 -1 28]
 ST 61-2  4.371e+02  [-70 3.156e-04 6.526e-05 9.948e-06]  [1451 -1 61]
 ST 61-3s 4.387e+02  [-146 4.953e-08 1.024e-08 1.436e-04]  [1156 -2 54]
 ST 62-1  4.422e+02  [0 1.000e+00 1.988e-01 9.993e-06]  [1346 -1 27]
 ST 62-2  4.457e+02  [-70 3.053e-04 6.069e-05 9.970e-06]  [1530 -3 80]
 ST 62-3s 4.472e+02  [-146 5.000e-08 9.942e-09 1.483e-04]  [1139 -1 56]
 ST 63-1  4.506e+02  [0 1.000e+00 1.907e-01 9.985e-06]  [1344 -1 28]
 ST 63-2  4.523e+02  [-70 2.878e-04 5.489e-05 9.982e-06]  [1554 -1 62]
 ST 63-3s 4.539e+02  [-146 4.713e-08 8.988e-09 1.633e-04]  [1122 -3 57]
 ST 64-1  4.574e+02  [0 1.000e+00 1.797e-01 9.958e-06]  [1219 -2 24]
 ST 64-2  4.590e+02  [-71 2.637e-04 4.739e-05 9.972e-06]  [1555 -1 62]
 ST 64-3s 4.604e+02  [-147 4.170e-08 7.495e-09 1.968e-04]  [1083 0 51]
 ST 65-1  4.639e+02  [0 1.000e+00 1.795e-01 9.994e-06]  [1188 -1 25]
 ST 65-2  4.655e+02  [-72 2.466e-04 4.426e-05 9.984e-06]  [1433 0 62]
 ST 65-3s 4.670e+02  [-149 3.337e-08 5.989e-09 2.462e-04]  [990 -1 52]
 ST 66-1  4.705e+02  [0 1.000e+00 1.650e-01 9.997e-06]  [1184 0 25]
 ST 66-2  4.722e+02  [-72 2.315e-04 3.820e-05 9.980e-06]  [1455 -1 60]
 ST 66-3s 4.735e+02  [-149 3.202e-08 5.282e-09 2.787e-04]  [944 -1 49]
 ST 67-1  4.770e+02  [0 1.000e+00 1.696e-01 9.962e-06]  [1252 -2 29]
 ST 67-2  4.808e+02  [-73 2.207e-04 3.743e-05 9.949e-06]  [1610 -1 35]
 ST 67-3s 4.823e+02  [-148 3.581e-08 6.073e-09 2.426e-04]  [1014 -2 49]
 ST 68-1  4.858e+02  [0 1.000e+00 1.546e-01 9.982e-06]  [1365 -2 28]
 ST 68-2  4.877e+02  [-73 2.157e-04 3.335e-05 9.986e-06]  [1603 -1 66]
 ST 68-3s 4.892e+02  [-148 3.590e-08 5.550e-09 2.643e-04]  [999 -1 50]
 ST 69-1  4.925e+02  [0 1.000e+00 1.581e-01 9.957e-06]  [1360 -2 29]
 ST 69-2  4.942e+02  [-73 2.038e-04 3.222e-05 9.981e-06]  [1597 -1 64]
 ST 69-3s 4.956e+02  [-149 3.340e-08 5.281e-09 2.781e-04]  [967 -3 51]
 ST 70-1  4.991e+02  [0 1.000e+00 1.482e-01 9.981e-06]  [1303 -1 26]
 ST 70-2  5.009e+02  [-74 1.876e-04 2.780e-05 9.977e-06]  [1586 0 63]
 ST 70-3s 5.022e+02  [-150 2.950e-08 4.371e-09 3.368e-04]  [955 -2 50]
 ST 71-1  5.054e+02  [0 1.000e+00 1.460e-01 9.950e-06]  [1233 0 26]
 ST 71-2  5.070e+02  [-75 1.762e-04 2.572e-05 9.962e-06]  [1578 -2 63]
 ST 71-3s 5.083e+02  [-152 2.426e-08 3.542e-09 4.162e-04]  [981 0 51]
 ST 72-1  5.131e+02  [0 1.000e+00 1.449e-01 9.972e-06]  [1235 -1 52]
 ST 72-2  5.149e+02  [-75 1.645e-04 2.383e-05 9.991e-06]  [1655 -1 64]
 ST 72-3s 5.161e+02  [-152 2.509e-08 3.634e-09 4.053e-04]  [927 0 49]
 ST 73-1  5.195e+02  [0 1.000e+00 1.349e-01 9.973e-06]  [1354 -1 27]
 ST 73-2  5.212e+02  [-75 1.615e-04 2.179e-05 9.978e-06]  [1620 -2 62]
 ST 73-3s 5.224e+02  [-151 2.634e-08 3.553e-09 4.152e-04]  [865 -3 50]
 ST 74-1  5.255e+02  [0 1.000e+00 1.411e-01 9.968e-06]  [1404 -1 28]
 ST 74-2  5.272e+02  [-76 1.569e-04 2.214e-05 9.974e-06]  [1594 -1 63]
 ST 74-3s 5.284e+02  [-151 2.573e-08 3.630e-09 4.049e-04]  [851 -2 48]
 ST 75-1  5.316e+02  [0 1.000e+00 1.259e-01 9.979e-06]  [1406 -1 28]
 ST 75-2  5.332e+02  [-76 1.477e-04 1.860e-05 9.996e-06]  [1641 0 65]
 ST 75-3s 5.343e+02  [-152 2.430e-08 3.061e-09 4.784e-04]  [824 0 48]
 ST 76-1  5.375e+02  [0 1.000e+00 1.350e-01 9.950e-06]  [1330 0 28]
 ST 76-2  5.392e+02  [-77 1.392e-04 1.879e-05 9.956e-06]  [1682 -3 63]
 ST 76-3s 5.404e+02  [-153 2.086e-08 2.816e-09 5.224e-04]  [854 -2 47]
 ST 77-1  5.434e+02  [0 1.000e+00 1.212e-01 9.973e-06]  [1286 0 26]
 ST 77-2  5.450e+02  [-77 1.262e-04 1.530e-05 9.954e-06]  [1640 0 63]
 ST 77-3s 5.476e+02  [-154 1.941e-08 2.352e-09 6.268e-04]  [816 -3 20]
 ST 78-1  5.507e+02  [0 1.000e+00 1.264e-01 9.983e-06]  [1308 -2 25]
 ST 78-2  5.523e+02  [-78 1.253e-04 1.584e-05 9.997e-06]  [1641 -1 64]
 ST 78-3s 5.533e+02  [-154 1.954e-08 2.470e-09 5.959e-04]  [799 -2 46]
 ST 79-1  5.565e+02  [0 1.000e+00 1.200e-01 9.955e-06]  [1383 0 31]
 ST 79-2  5.581e+02  [-78 1.176e-04 1.412e-05 9.984e-06]  [1654 -1 63]
 ST 79-3s 5.593e+02  [-154 1.935e-08 2.322e-09 6.330e-04]  [764 -3 49]
 ST 80-1  5.625e+02  [0 1.000e+00 1.156e-01 9.963e-06]  [1412 -2 26]
 ST 80-2  5.642e+02  [-78 1.179e-04 1.362e-05 9.970e-06]  [1620 -2 64]
 ST 80-3s 5.654e+02  [-154 1.921e-08 2.220e-09 6.631e-04]  [773 0 47]
 ST 81-1  5.686e+02  [0 1.000e+00 1.199e-01 9.951e-06]  [1385 0 29]
 ST 81-2  5.701e+02  [-79 1.085e-04 1.301e-05 9.975e-06]  [1587 0 63]
 ST 81-3s 5.712e+02  [-155 1.746e-08 2.094e-09 7.038e-04]  [750 -2 44]
 ST 82-1  5.743e+02  [0 1.000e+00 1.050e-01 9.956e-06]  [1347 -1 27]
 ST 82-2  5.757e+02  [-79 1.022e-04 1.073e-05 9.970e-06]  [1477 -3 61]
 ST 82-3s 5.768e+02  [-155 1.636e-08 1.719e-09 8.567e-04]  [740 -2 43]
 ST 83-1  5.814e+02  [0 1.000e+00 1.184e-01 9.996e-06]  [1300 -1 18]
 ST 83-2  5.829e+02  [-80 9.850e-05 1.166e-05 9.942e-06]  [1431 0 59]
 ST 83-3s 5.839e+02  [-156 1.534e-08 1.816e-09 8.102e-04]  [759 -3 46]
 ST 84-1  5.869e+02  [0 1.000e+00 9.836e-02 9.970e-06]  [1350 -1 28]
 ST 84-2  5.883e+02  [-80 9.093e-05 8.943e-06 9.995e-06]  [1413 -2 61]
 ST 84-3s 5.894e+02  [-156 1.531e-08 1.506e-09 9.753e-04]  [722 0 43]
 ST 85-1  5.925e+02  [0 1.000e+00 1.138e-01 9.940e-06]  [1370 -2 27]
 ST 85-2  5.940e+02  [-80 9.512e-05 1.082e-05 9.978e-06]  [1424 -3 60]
 ST 85-3s 5.950e+02  [-156 1.466e-08 1.668e-09 8.835e-04]  [722 -1 42]
 ST 86-1  5.981e+02  [0 1.000e+00 9.430e-02 9.984e-06]  [1407 -1 29]
 ST 86-2  5.995e+02  [-81 8.279e-05 7.807e-06 9.995e-06]  [1365 -3 58]
 ST 86-3s 6.006e+02  [-156 1.459e-08 1.376e-09 1.065e-03]  [704 -2 42]
 ST 87-1  6.038e+02  [0 1.000e+00 1.022e-01 9.951e-06]  [1366 -2 29]
 ST 87-2  6.052e+02  [-81 8.667e-05 8.859e-06 9.986e-06]  [1345 -2 57]
 ST 87-3s 6.063e+02  [-157 1.372e-08 1.403e-09 1.049e-03]  [707 -2 43]
 ST 88-1  6.096e+02  [0 1.000e+00 9.945e-02 9.947e-06]  [1328 0 31]
 ST 88-2  6.111e+02  [-82 7.338e-05 7.298e-06 9.903e-06]  [1417 -2 58]
 ST 88-3s 6.122e+02  [-158 1.211e-08 1.204e-09 1.222e-03]  [707 -2 45]
 ST 89-1  6.169e+02  [0 1.000e+00 8.911e-02 9.979e-06]  [1329 0 18]
 ST 89-2  6.183e+02  [-82 7.685e-05 6.848e-06 9.969e-06]  [1344 -2 59]
 ST 89-3s 6.193e+02  [-158 1.203e-08 1.072e-09 1.373e-03]  [684 -1 41]
 ST 90-1  6.224e+02  [0 1.000e+00 1.113e-01 9.980e-06]  [1325 -2 30]
 ST 90-2  6.240e+02  [-82 7.150e-05 7.958e-06 9.944e-06]  [1415 -2 61]
 ST 90-3s 6.251e+02  [-158 1.148e-08 1.277e-09 1.155e-03]  [716 0 46]
 ST 91-1  6.281e+02  [0 1.000e+00 7.798e-02 9.980e-06]  [1400 -1 29]
 ST 91-2  6.296e+02  [-83 6.882e-05 5.367e-06 9.966e-06]  [1543 -1 64]
 ST 91-3s 6.306e+02  [-158 1.202e-08 9.373e-10 1.566e-03]  [640 -2 42]
 ST 92-1  6.341e+02  [0 1.000e+00 1.270e-01 9.985e-06]  [1329 0 33]
 ST 92-2  6.361e+02  [-82 7.428e-05 9.434e-06 9.949e-06]  [1407 -1 62]
 ST 92-3s 6.375e+02  [-159 1.099e-08 1.396e-09 1.054e-03]  [736 -1 49]
 ST 93-1  6.414e+02  [0 1.000e+00 7.461e-02 9.963e-06]  [1377 -3 30]
 ST 93-2  6.434e+02  [-85 5.583e-05 4.166e-06 9.891e-06]  [1420 -3 61]
 ST 93-3s 6.447e+02  [-159 1.016e-08 7.579e-10 1.946e-03]  [626 -1 44]
 ST 94-1  6.500e+02  [0 1.000e+00 1.603e-01 9.979e-06]  [1142 -1 19]
 ST 94-2  6.524e+02  [-97 1.344e-05 2.153e-06 9.943e-06]  [1803 -2 69]
 ST 94-3s 6.537e+02  [-160 9.045e-09 1.450e-09 1.017e-03]  [674 -1 45]
 ST 95-1  6.573e+02  [0 1.000e+00 2.284e+00 9.941e-06]  [975 0 25]
 ST 95-2  6.594e+02  [-67 4.094e-04 9.350e-04 9.989e-06]  [1524 -2 64]
 ST 95-3s 6.615e+02  [-157 1.402e-08 3.202e-08 4.605e-05]  [1598 -1 66]
 ST 96-1  6.652e+02  [0 1.000e+00 2.319e+01 9.993e-06]  [926 0 24]
 ST 96-2  6.672e+02  [-47 4.033e-03 9.350e-02 9.965e-06]  [1214 -2 53]
 ST 96-3s 6.690e+02  [-128 3.862e-07 8.955e-06 9.959e-06]  [1308 -1 64]
 ST 97-1  6.729e+02  [0 1.000e+00 1.189e+01 9.975e-06]  [1384 0 32]
 ST 97-2  6.747e+02  [-40 9.615e-03 1.143e-01 9.975e-06]  [1188 -1 57]
 ST 97-3s 6.770e+02  [-123 6.938e-07 8.248e-06 9.956e-06]  [1823 -2 67]
 ST 98-1  6.828e+02  [0 1.000e+00 1.733e+01 9.991e-06]  [1455 -2 52]
 ST 98-2  6.846e+02  [-30 2.993e-02 5.188e-01 9.958e-06]  [1261 -2 58]
 ST 98-3s 6.866e+02  [-101 8.129e-06 1.409e-04 1.000e-05]  [1519 -2 64]
 ST 99-1  6.906e+02  [0 1.000e+00 1.811e+01 9.990e-06]  [1381 0 32]
 ST 99-2  6.926e+02  [-54 1.891e-03 3.426e-02 9.955e-06]  [1533 0 63]
 ST 99-3s 6.945e+02  [-113 2.219e-06 4.020e-05 9.954e-06]  [1325 -3 61]
 ST 100-1  6.983e+02  [0 1.000e+00 1.345e+01 9.997e-06]  [1433 0 34]
 ST 100-2  7.000e+02  [-36 1.457e-02 1.961e-01 9.959e-06]  [1041 -1 54]
 ST 100-3s 7.020e+02  [-113 2.166e-06 2.914e-05 9.996e-06]  [1586 0 64]
 ST 101-1  7.058e+02  [0 1.000e+00 8.884e+00 9.930e-06]  [1240 -2 30]
 ST 101-2  7.076e+02  [-35 1.725e-02 1.533e-01 9.995e-06]  [1138 -1 57]
 ST 101-3s 7.097e+02  [-114 1.940e-06 1.723e-05 9.946e-06]  [1551 -1 63]
 ST 102-1  7.131e+02  [0 1.000e+00 7.755e+00 9.960e-06]  [1063 -3 25]
 ST 102-2  7.165e+02  [-55 1.745e-03 1.353e-02 9.967e-06]  [1175 0 78]
 ST 102-3s 7.185e+02  [-125 5.138e-07 3.985e-06 9.967e-06]  [1459 -2 62]
 ST 103-1  7.220e+02  [0 1.000e+00 4.488e+00 9.981e-06]  [1152 -3 28]
 ST 103-2  7.238e+02  [-38 1.225e-02 5.499e-02 9.963e-06]  [1079 0 54]
 ST 103-3s 7.259e+02  [-117 1.388e-06 6.229e-06 9.990e-06]  [1566 -2 64]
 ST 104-1  7.293e+02  [0 1.000e+00 5.253e+00 9.884e-06]  [1105 -2 26]
 ST 104-2  7.310e+02  [-46 4.617e-03 2.425e-02 9.982e-06]  [1159 -2 59]
 ST 104-3s 7.330e+02  [-117 1.319e-06 6.927e-06 9.941e-06]  [1419 -2 64]
 ST 105-1  7.367e+02  [0 1.000e+00 2.160e+00 9.950e-06]  [1117 -3 26]
 ST 105-2  7.383e+02  [-35 1.721e-02 3.716e-02 9.944e-06]  [907 -3 52]
 ST 105-3s 7.404e+02  [-113 2.055e-06 4.439e-06 9.991e-06]  [1465 -2 62]
 ST 106-1  7.441e+02  [0 1.000e+00 3.106e+00 9.918e-06]  [1210 -2 28]
 ST 106-2  7.457e+02  [-41 8.022e-03 2.492e-02 9.954e-06]  [1012 -3 55]
 ST 106-3s 7.476e+02  [-113 2.031e-06 6.308e-06 9.977e-06]  [1294 -1 60]
 ST 107-1  7.531e+02  [0 1.000e+00 1.432e+00 9.940e-06]  [1342 -1 22]
 ST 107-2  7.547e+02  [-47 4.386e-03 6.283e-03 9.954e-06]  [1128 0 57]
 ST 107-3s 7.565e+02  [-113 2.214e-06 3.171e-06 9.942e-06]  [1304 -1 64]
 ST 108-1  7.604e+02  [0 1.000e+00 1.940e+00 9.965e-06]  [1339 -1 28]
 ST 108-2  7.621e+02  [-44 5.875e-03 1.140e-02 9.943e-06]  [1018 -3 51]
 ST 108-3s 7.640e+02  [-115 1.611e-06 3.125e-06 9.954e-06]  [1347 -1 62]
 ST 109-1  7.678e+02  [0 1.000e+00 1.343e+00 9.958e-06]  [1347 -2 28]
 ST 109-2  7.694e+02  [-44 6.243e-03 8.386e-03 9.975e-06]  [1005 -2 54]
 ST 109-3s 7.712e+02  [-113 2.200e-06 2.955e-06 9.977e-06]  [1376 -3 62]
 ST 110-1  7.750e+02  [0 1.000e+00 1.392e+00 9.957e-06]  [1254 -2 29]
 ST 110-2  7.766e+02  [-48 3.620e-03 5.039e-03 9.979e-06]  [1089 -1 56]
 ST 110-3s 7.785e+02  [-115 1.769e-06 2.463e-06 9.947e-06]  [1337 -1 60]
 ST 111-1  7.840e+02  [0 1.000e+00 1.201e+00 9.934e-06]  [1342 -1 51]
 ST 111-2  7.855e+02  [-46 4.587e-03 5.510e-03 9.986e-06]  [930 -1 50]
 ST 111-3s 7.874e+02  [-118 1.128e-06 1.355e-06 9.973e-06]  [1465 -2 63]
 ST 112-1  7.911e+02  [0 1.000e+00 1.113e+00 9.983e-06]  [1340 -1 33]
 ST 112-2  7.930e+02  [-56 1.515e-03 1.686e-03 9.954e-06]  [1256 -2 58]
 ST 112-3s 7.948e+02  [-116 1.552e-06 1.727e-06 9.993e-06]  [1348 -1 63]
 ST 113-1  7.987e+02  [0 1.000e+00 9.636e-01 9.936e-06]  [1409 -2 32]
 ST 113-2  8.005e+02  [-53 2.131e-03 2.053e-03 9.960e-06]  [1082 -1 57]
 ST 113-3s 8.024e+02  [-118 1.138e-06 1.097e-06 9.987e-06]  [1443 -1 63]
 ST 114-1  8.062e+02  [0 1.000e+00 9.351e-01 9.970e-06]  [1365 -3 32]
 ST 114-2  8.080e+02  [-53 2.226e-03 2.082e-03 9.935e-06]  [1116 -3 56]
 ST 114-3s 8.098e+02  [-117 1.387e-06 1.297e-06 9.965e-06]  [1360 -2 61]
 ST 115-1  8.136e+02  [0 1.000e+00 8.370e-01 9.966e-06]  [1361 -2 31]
 ST 115-2  8.155e+02  [-61 8.605e-04 7.202e-04 9.958e-06]  [1210 -2 58]
 ST 115-3s 8.190e+02  [-122 7.350e-07 6.152e-07 9.985e-06]  [1401 -1 33]
 ST 116-1  8.228e+02  [0 1.000e+00 7.977e-01 9.957e-06]  [1404 -2 31]
 ST 116-2  8.245e+02  [-55 1.733e-03 1.383e-03 9.983e-06]  [1067 -3 57]
 ST 116-3s 8.265e+02  [-120 9.297e-07 7.417e-07 9.978e-06]  [1407 -2 62]
 ST 117-1  8.302e+02  [0 1.000e+00 7.249e-01 9.938e-06]  [1414 -2 31]
 ST 117-2  8.321e+02  [-60 9.492e-04 6.880e-04 9.940e-06]  [1195 -1 57]
 ST 117-3s 8.340e+02  [-122 7.407e-07 5.369e-07 9.957e-06]  [1416 -2 63]
 ST 118-1  8.379e+02  [0 1.000e+00 6.600e-01 9.935e-06]  [1455 -2 30]
 ST 118-2  8.397e+02  [-61 8.147e-04 5.376e-04 9.982e-06]  [1166 -3 60]
 ST 118-3s 8.418e+02  [-123 6.487e-07 4.281e-07 9.930e-06]  [1404 -2 63]
 ST 119-1  8.457e+02  [0 1.000e+00 6.103e-01 9.942e-06]  [1464 -2 31]
 ST 119-2  8.474e+02  [-59 1.086e-03 6.629e-04 9.981e-06]  [1161 -3 59]
 ST 119-3s 8.495e+02  [-122 7.451e-07 4.547e-07 9.992e-06]  [1427 -3 62]
 ST 120-1  8.550e+02  [0 1.000e+00 5.708e-01 9.953e-06]  [1475 -3 22]
 ST 120-2  8.569e+02  [-63 6.401e-04 3.653e-04 9.991e-06]  [1222 -3 61]
 ST 120-3s 8.589e+02  [-122 7.893e-07 4.505e-07 9.950e-06]  [1377 -3 63]
 ST 121-1  8.629e+02  [0 1.000e+00 5.292e-01 9.963e-06]  [1487 0 31]
 ST 121-2  8.646e+02  [-60 9.507e-04 5.031e-04 9.965e-06]  [1144 -1 57]
 ST 121-3s 8.666e+02  [-120 9.327e-07 4.936e-07 9.954e-06]  [1403 -2 63]
 ST 122-1  8.705e+02  [0 1.000e+00 4.905e-01 9.970e-06]  [1500 -1 33]
 ST 122-2  8.723e+02  [-62 7.565e-04 3.710e-04 9.964e-06]  [1212 -2 62]
 ST 122-3s 8.742e+02  [-120 9.635e-07 4.726e-07 9.998e-06]  [1388 -1 62]
 ST 123-1  8.782e+02  [0 1.000e+00 4.448e-01 9.959e-06]  [1517 -2 31]
 ST 123-2  8.800e+02  [-62 7.356e-04 3.272e-04 9.996e-06]  [1204 -2 59]
 ST 123-3s 8.819e+02  [-120 9.863e-07 4.388e-07 9.980e-06]  [1383 0 61]
 ST 124-1  8.875e+02  [0 1.000e+00 4.057e-01 9.945e-06]  [1524 -3 23]
 ST 124-2  8.892e+02  [-62 7.880e-04 3.197e-04 9.970e-06]  [1211 -2 60]
 ST 124-3s 8.913e+02  [-120 9.763e-07 3.961e-07 9.953e-06]  [1374 -3 60]
 ST 125-1  8.953e+02  [0 1.000e+00 3.649e-01 9.973e-06]  [1530 -3 32]
 ST 125-2  8.969e+02  [-62 7.080e-04 2.583e-04 9.956e-06]  [1240 -1 60]
 ST 125-3s 8.988e+02  [-120 9.069e-07 3.309e-07 9.995e-06]  [1367 -2 62]
 ST 126-1  9.029e+02  [0 1.000e+00 3.388e-01 9.977e-06]  [1528 -3 32]
 ST 126-2  9.046e+02  [-62 7.735e-04 2.620e-04 9.969e-06]  [1230 0 60]
 ST 126-3s 9.065e+02  [-121 8.231e-07 2.788e-07 9.961e-06]  [1369 -3 65]
 ST 127-1  9.107e+02  [0 1.000e+00 3.021e-01 9.981e-06]  [1536 0 33]
 ST 127-2  9.125e+02  [-62 7.270e-04 2.197e-04 9.993e-06]  [1262 -2 58]
 ST 127-3s 9.144e+02  [-122 7.344e-07 2.219e-07 9.987e-06]  [1365 -2 62]
 ST 128-1  9.200e+02  [0 1.000e+00 2.763e-01 9.949e-06]  [1543 -1 50]
 ST 128-2  9.219e+02  [-62 7.206e-04 1.991e-04 9.948e-06]  [1265 -2 59]
 ST 128-3s 9.239e+02  [-123 6.404e-07 1.769e-07 9.956e-06]  [1355 -2 56]
 ST 129-1  9.279e+02  [0 1.000e+00 2.466e-01 9.944e-06]  [1550 -1 30]
 ST 129-2  9.295e+02  [-62 7.110e-04 1.753e-04 9.999e-06]  [1281 0 59]
 ST 129-3s 9.315e+02  [-125 5.477e-07 1.350e-07 1.090e-05]  [1337 -1 63]
 ST 130-1  9.352e+02  [0 1.000e+00 2.225e-01 9.940e-06]  [1548 -1 37]
 ST 130-2  9.369e+02  [-63 6.710e-04 1.493e-04 9.997e-06]  [1293 -1 63]
 ST 130-3s 9.385e+02  [-126 4.510e-07 1.004e-07 1.462e-05]  [1294 -1 64]
 ST 131-1  9.424e+02  [0 1.000e+00 1.988e-01 9.964e-06]  [1545 -1 36]
 ST 131-2  9.443e+02  [-63 6.414e-04 1.275e-04 9.975e-06]  [1304 -2 59]
 ST 131-3s 9.459e+02  [-128 3.630e-07 7.216e-08 2.033e-05]  [1263 -2 60]
 ST 132-1  9.500e+02  [0 1.000e+00 1.786e-01 9.961e-06]  [1542 -1 32]
 ST 132-2  9.534e+02  [-64 5.869e-04 1.048e-04 9.957e-06]  [1324 -3 78]
 ST 132-3s 9.551e+02  [-130 2.943e-07 5.255e-08 2.796e-05]  [1217 -3 61]
 ST 133-1  9.591e+02  [0 1.000e+00 1.610e-01 9.964e-06]  [1539 0 33]
 ST 133-2  9.609e+02  [-65 5.590e-04 9.000e-05 9.969e-06]  [1332 0 59]
 ST 133-3s 9.626e+02  [-132 2.424e-07 3.903e-08 3.766e-05]  [1178 0 56]
 ST 134-1  9.663e+02  [0 1.000e+00 1.436e-01 9.963e-06]  [1540 -1 32]
 ST 134-2  9.680e+02  [-65 5.139e-04 7.381e-05 9.975e-06]  [1348 -1 61]
 ST 134-3s 9.696e+02  [-133 2.001e-07 2.874e-08 5.130e-05]  [1144 -1 55]
 ST 135-1  9.735e+02  [0 1.000e+00 1.305e-01 9.952e-06]  [1534 0 36]
 ST 135-2  9.755e+02  [-66 4.799e-04 6.263e-05 9.972e-06]  [1356 -2 61]
 ST 135-3s 9.772e+02  [-135 1.642e-07 2.143e-08 6.876e-05]  [1109 -2 54]
 ST 136-1  9.811e+02  [0 1.000e+00 1.148e-01 9.940e-06]  [1532 0 34]
 ST 136-2  9.830e+02  [-67 4.298e-04 4.936e-05 9.998e-06]  [1374 -3 62]
 ST 136-3s 9.846e+02  [-137 1.326e-07 1.523e-08 9.666e-05]  [1062 -2 55]
 ST 137-1  9.900e+02  [0 1.000e+00 1.045e-01 9.958e-06]  [1522 -2 24]
 ST 137-2  9.920e+02  [-68 3.863e-04 4.039e-05 9.993e-06]  [1402 -1 62]
 ST 137-3s 9.936e+02  [-139 1.093e-07 1.143e-08 1.290e-04]  [1033 0 54]
 ST 138-1  9.975e+02  [0 1.000e+00 9.224e-02 9.999e-06]  [1521 -2 31]
 ST 138-2  9.993e+02  [-69 3.502e-04 3.230e-05 9.987e-06]  [1420 -2 60]
 ST 138-3s 1.001e+03  [-140 9.166e-08 8.454e-09 1.742e-04]  [981 -1 56]
 ST 139-1  1.008e+03  [0 1.000e+00 8.402e-02 9.977e-06]  [1519 -2 24]
 ST 139-2  1.011e+03  [-69 3.167e-04 2.661e-05 9.982e-06]  [1442 -1 61]
 ST 139-3s 1.012e+03  [-142 7.717e-08 6.484e-09 2.266e-04]  [946 -1 50]
 ST 140-1  1.017e+03  [0 1.000e+00 7.500e-02 9.980e-06]  [1514 -2 33]
 ST 140-2  1.021e+03  [-70 2.914e-04 2.185e-05 9.987e-06]  [1456 -1 82]
 ST 140-3s 1.022e+03  [-143 6.498e-08 4.873e-09 3.022e-04]  [900 -2 50]
 ST 141-1  1.027e+03  [0 1.000e+00 6.713e-02 9.969e-06]  [1507 -2 28]
 ST 141-2  1.029e+03  [-71 2.615e-04 1.756e-05 9.981e-06]  [1469 -2 58]
 ST 141-3s 1.031e+03  [-145 5.414e-08 3.634e-09 4.059e-04]  [865 -3 47]
 ST 142-1  1.035e+03  [0 1.000e+00 6.034e-02 9.987e-06]  [1502 -1 30]
 ST 142-2  1.038e+03  [-72 2.390e-04 1.442e-05 9.980e-06]  [1483 0 59]
 ST 142-3s 1.039e+03  [-146 4.485e-08 2.706e-09 5.436e-04]  [839 -1 45]
 ST 143-1  1.043e+03  [0 1.000e+00 5.269e-02 9.962e-06]  [1501 -1 32]
 ST 143-2  1.046e+03  [-73 2.096e-04 1.104e-05 9.975e-06]  [1508 -2 60]
 ST 143-3s 1.047e+03  [-148 3.638e-08 1.917e-09 7.669e-04]  [802 -2 46]
 ST 144-1  1.052e+03  [0 1.000e+00 4.846e-02 9.953e-06]  [1497 -1 29]
 ST 144-2  1.056e+03  [-74 1.910e-04 9.254e-06 9.971e-06]  [1525 -3 35]
 ST 144-3s 1.058e+03  [-150 2.960e-08 1.434e-09 1.026e-03]  [761 -3 44]
 ST 145-1  1.062e+03  [0 1.000e+00 4.173e-02 9.989e-06]  [1495 -1 28]
 ST 145-2  1.064e+03  [-75 1.712e-04 7.145e-06 9.954e-06]  [1553 -1 62]
 ST 145-3s 1.065e+03  [-152 2.431e-08 1.015e-09 1.451e-03]  [701 -2 42]
 ST 146-1  1.069e+03  [0 1.000e+00 3.894e-02 9.961e-06]  [1485 0 28]
 ST 146-2  1.071e+03  [-76 1.559e-04 6.073e-06 9.956e-06]  [1561 -2 64]
 ST 146-3s 1.073e+03  [-154 1.966e-08 7.656e-10 1.917e-03]  [637 -2 40]
 ST 147-1  1.077e+03  [0 1.000e+00 3.357e-02 9.967e-06]  [1485 0 29]
 ST 147-2  1.079e+03  [-77 1.401e-04 4.702e-06 9.969e-06]  [1568 -2 61]
 ST 147-3s 1.080e+03  [-156 1.573e-08 5.280e-10 2.783e-03]  [579 -1 38]
 ST 148-1  1.084e+03  [0 1.000e+00 3.100e-02 9.998e-06]  [1472 -3 28]
 ST 148-2  1.087e+03  [-78 1.203e-04 3.730e-06 9.956e-06]  [1564 -2 62]
 ST 148-3s 1.090e+03  [-158 1.194e-08 3.702e-10 3.974e-03]  [508 -3 14]
 ST 149-1  1.094e+03  [0 1.000e+00 2.724e-02 9.994e-06]  [1472 -3 28]
 ST 149-2  1.096e+03  [-79 1.073e-04 2.924e-06 9.984e-06]  [1545 -1 61]
 ST 149-3s 1.097e+03  [-160 9.319e-09 2.538e-10 5.782e-03]  [437 -2 30]
 ST 150-1  1.102e+03  [0 1.000e+00 2.427e-02 9.994e-06]  [1465 -2 28]
 ST 150-2  1.103e+03  [-80 9.325e-05 2.263e-06 9.975e-06]  [1521 -2 64]
 ST 150-3s 1.104e+03  [-162 7.387e-09 1.793e-10 8.173e-03]  [396 -2 31]
 ST 151-1  1.108e+03  [0 1.000e+00 2.189e-02 9.957e-06]  [1461 -2 29]
 ST 151-2  1.110e+03  [-81 8.715e-05 1.908e-06 9.988e-06]  [1501 -1 61]
 ST 151-3s 1.111e+03  [-164 6.173e-09 1.351e-10 1.086e-02]  [331 -2 27]
 ST 152-1  1.115e+03  [0 1.000e+00 1.844e-02 9.986e-06]  [1463 -2 27]
 ST 152-2  1.116e+03  [-82 7.627e-05 1.406e-06 9.996e-06]  [1498 -1 64]
 ST 152-3s 1.117e+03  [-166 4.935e-09 9.099e-11 1.614e-02]  [276 -1 23]
 ST 153-1  1.124e+03  [0 1.000e+00 1.724e-02 9.957e-06]  [1458 -2 48]
 ST 153-2  1.126e+03  [-83 6.860e-05 1.183e-06 9.992e-06]  [1498 -1 63]
 ST 153-3s 1.127e+03  [-168 3.877e-09 6.682e-11 2.202e-02]  [221 -1 19]
 ST 154-1  1.131e+03  [0 1.000e+00 1.423e-02 9.938e-06]  [1463 -2 27]
 ST 154-2  1.133e+03  [-84 5.805e-05 8.259e-07 9.941e-06]  [1534 0 62]
 ST 154-3s 1.134e+03  [-169 3.198e-09 4.550e-11 3.227e-02]  [161 0 14]
 ST 155-1  1.138e+03  [0 1.000e+00 1.420e-02 9.980e-06]  [1442 -1 26]
 ST 155-2  1.140e+03  [-86 4.940e-05 7.013e-07 9.940e-06]  [1546 -1 62]
 ST 155-3s 1.140e+03  [-171 2.676e-09 3.799e-11 3.866e-02]  [139 -6 12]
 ST 156-1  1.144e+03  [0 1.000e+00 1.233e-02 9.957e-06]  [1438 0 26]
 ST 156-2  1.146e+03  [-87 4.228e-05 5.215e-07 9.997e-06]  [1449 -2 61]
 ST 156-3s 1.146e+03  [-171 2.579e-09 3.181e-11 4.552e-02]  [114 -3 10]
 ST 157-1  1.150e+03  [0 1.000e+00 1.221e-02 9.992e-06]  [1412 -2 27]
 ST 157-2  1.151e+03  [-89 3.470e-05 4.237e-07 9.956e-06]  [1312 -2 60]
 ST 157-3s 1.152e+03  [-172 2.334e-09 2.850e-11 5.110e-02]  [104 0 10]
 ST 158-1  1.157e+03  [0 1.000e+00 1.084e-02 9.969e-06]  [1414 -2 52]
 ST 158-2  1.159e+03  [-90 3.074e-05 3.331e-07 9.897e-06]  [1338 -1 57]
 ST 158-3s 1.160e+03  [-172 2.406e-09 2.607e-11 5.512e-02]  [98 -6 9]
 ST 159-1  1.164e+03  [0 1.000e+00 9.653e-03 9.972e-06]  [1406 -2 24]
 ST 159-2  1.165e+03  [-92 2.510e-05 2.423e-07 9.974e-06]  [1656 -2 65]
 ST 159-3s 1.166e+03  [-171 2.602e-09 2.512e-11 5.806e-02]  [93 -4 8]
 ST 160-1  1.170e+03  [0 1.000e+00 8.492e-03 9.977e-06]  [1412 -2 25]
 ST 160-2  1.171e+03  [-92 2.484e-05 2.109e-07 9.990e-06]  [1647 -1 64]
 ST 160-3s 1.172e+03  [-170 2.948e-09 2.503e-11 5.893e-02]  [86 -2 8]
 ST 161-1  1.175e+03  [0 1.000e+00 6.656e-03 9.948e-06]  [1415 -2 27]
 ST 161-2  1.177e+03  [-93 2.112e-05 1.406e-07 1.049e-05]  [1839 0 67]
 ST 161-3s 1.178e+03  [-168 3.717e-09 2.474e-11 5.886e-02]  [27 -28 2]
 ST 162-1  1.181e+03  [0 1.000e+00 6.666e-03 9.941e-06]  [1405 -2 26]
 ST 162-2  1.183e+03  [-93 2.061e-05 1.374e-07 1.072e-05]  [1873 -2 67]
 ST 162-3s 1.184e+03  [-168 3.740e-09 2.493e-11 5.884e-02]  [29 -28 2]
 ST 163-1  1.188e+03  [0 1.000e+00 5.765e-03 9.996e-06]  [1396 -1 30]
 ST 163-2  1.192e+03  [-95 1.601e-05 9.232e-08 1.594e-05]  [1860 -1 78]
 ST 163-3s 1.193e+03  [-167 4.230e-09 2.439e-11 6.024e-02]  [27 -28 2]
 ST 164-1  1.197e+03  [0 1.000e+00 6.887e-03 9.969e-06]  [1357 -2 29]
 ST 164-2  1.200e+03  [-97 1.397e-05 9.623e-08 1.532e-05]  [1672 -2 65]
 ST 164-3s 1.201e+03  [-168 3.598e-09 2.478e-11 5.900e-02]  [25 -28 1]
 ST 165-1  1.206e+03  [0 1.000e+00 6.787e-03 9.958e-06]  [1331 0 24]
 ST 165-2  1.208e+03  [-98 1.188e-05 8.062e-08 1.824e-05]  [1901 -1 64]
 ST 165-3s 1.209e+03  [-168 3.637e-09 2.468e-11 5.970e-02]  [25 -28 2]
 ST 166-1  1.213e+03  [0 1.000e+00 7.212e-03 9.995e-06]  [1287 -1 23]
 ST 166-2  1.216e+03  [-99 1.111e-05 8.012e-08 1.836e-05]  [1875 -2 66]
 ST 166-3s 1.216e+03  [-169 3.401e-09 2.452e-11 5.978e-02]  [25 -28 2]
 ST 167-1  1.220e+03  [0 1.000e+00 6.655e-03 9.996e-06]  [1292 -1 24]
 ST 167-2  1.222e+03  [-99 1.094e-05 7.284e-08 2.011e-05]  [1677 -3 63]
 ST 167-3s 1.223e+03  [-168 3.672e-09 2.444e-11 5.979e-02]  [21 -28 1]
 ST 168-1  1.227e+03  [0 1.000e+00 5.822e-03 9.970e-06]  [1266 -2 19]
 ST 168-2  1.229e+03  [-99 1.040e-05 6.054e-08 2.426e-05]  [1799 -1 70]
 ST 168-3s 1.230e+03  [-167 4.173e-09 2.429e-11 6.047e-02]  [22 -28 2]
 ST 169-1  1.233e+03  [0 1.000e+00 4.858e-03 9.970e-06]  [1311 -2 25]
 ST 169-2  1.235e+03  [-99 1.079e-05 5.241e-08 2.802e-05]  [1565 -2 64]
 ST 169-3s 1.236e+03  [-165 5.056e-09 2.456e-11 5.966e-02]  [18 -28 1]
 ST 170-1  1.240e+03  [0 1.000e+00 3.710e-03 9.980e-06]  [1295 -1 24]
 ST 170-2  1.241e+03  [-99 1.024e-05 3.801e-08 3.825e-05]  [1262 -2 58]
 ST 170-3s 1.242e+03  [-163 6.556e-09 2.432e-11 6.060e-02]  [15 -28 1]
 ST 171-1  1.245e+03  [0 1.000e+00 3.984e-03 9.989e-06]  [1298 -1 25]
 ST 171-2  1.247e+03  [-99 1.052e-05 4.191e-08 3.506e-05]  [1277 0 56]
 ST 171-3s 1.247e+03  [-164 6.181e-09 2.463e-11 5.914e-02]  [16 -28 1]
 ST 172-1  1.251e+03  [0 1.000e+00 4.360e-03 9.966e-06]  [1223 -3 24]
 ST 172-2  1.253e+03  [-99 1.004e-05 4.379e-08 3.352e-05]  [1855 -1 66]
 ST 172-3s 1.253e+03  [-165 5.562e-09 2.425e-11 6.043e-02]  [19 -28 1]
 ST 173-1  1.256e+03  [0 1.000e+00 5.508e-03 9.946e-06]  [1183 -1 23]
 ST 173-2  1.260e+03  [-99 1.001e-05 5.513e-08 2.650e-05]  [1677 -3 34]
 ST 173-3s 1.260e+03  [-167 4.336e-09 2.388e-11 6.113e-02]  [17 -28 1]
 ST 174-1  1.264e+03  [0 1.000e+00 5.957e-03 9.974e-06]  [1148 -1 23]
 ST 174-2  1.265e+03  [-100 9.996e-06 5.955e-08 2.474e-05]  [1112 -3 54]
 ST 174-3s 1.266e+03  [-167 4.122e-09 2.455e-11 6.003e-02]  [20 -28 1]
 ST 175-1  1.270e+03  [0 1.000e+00 6.175e-03 9.965e-06]  [1087 -1 23]
 ST 175-2  1.271e+03  [-100 9.978e-06 6.161e-08 2.369e-05]  [1370 -3 59]
 ST 175-3s 1.272e+03  [-168 3.965e-09 2.448e-11 5.949e-02]  [16 -28 1]
 ST 176-1  1.277e+03  [0 1.000e+00 5.694e-03 9.946e-06]  [1142 -1 21]
 ST 176-2  1.278e+03  [-100 9.970e-06 5.676e-08 2.597e-05]  [1061 -3 52]
 ST 176-3s 1.279e+03  [-167 4.246e-09 2.418e-11 6.068e-02]  [16 -28 1]
 ST 177-1  1.282e+03  [0 1.000e+00 4.832e-03 9.987e-06]  [1047 -1 19]
 ST 177-2  1.284e+03  [-100 9.993e-06 4.829e-08 3.052e-05]  [1030 0 54]
 ST 177-3s 1.284e+03  [-165 5.033e-09 2.432e-11 6.056e-02]  [20 -28 1]
 ST 178-1  1.288e+03  [0 1.000e+00 3.858e-03 9.949e-06]  [1180 0 23]
 ST 178-2  1.290e+03  [-99 1.001e-05 3.862e-08 3.801e-05]  [1619 -2 63]
 ST 178-3s 1.290e+03  [-164 6.199e-09 2.392e-11 6.119e-02]  [18 -28 1]
 ST 179-1  1.295e+03  [0 1.000e+00 3.162e-03 9.956e-06]  [1075 0 15]
 ST 179-2  1.297e+03  [-100 9.977e-06 3.154e-08 4.663e-05]  [1683 -3 64]
 ST 179-3s 1.297e+03  [-162 7.474e-09 2.363e-11 6.196e-02]  [15 -28 1]
 ST 180-1  1.301e+03  [0 1.000e+00 3.598e-03 9.970e-06]  [1142 -1 22]
 ST 180-2  1.302e+03  [-99 1.001e-05 3.601e-08 4.096e-05]  [1057 -2 52]
 ST 180-3s 1.302e+03  [-163 6.569e-09 2.364e-11 6.206e-02]  [15 -28 1]
 ST 181-1  1.306e+03  [0 1.000e+00 4.410e-03 9.954e-06]  [1002 -2 20]
 ST 181-2  1.307e+03  [-100 9.958e-06 4.391e-08 3.356e-05]  [1118 -4 54]
 ST 181-3s 1.308e+03  [-165 5.384e-09 2.374e-11 6.214e-02]  [19 -28 1]
 ST 182-1  1.311e+03  [0 1.000e+00 5.356e-03 9.944e-06]  [984 -1 20]
 ST 182-2  1.312e+03  [-100 9.945e-06 5.326e-08 2.770e-05]  [1078 -1 54]
 ST 182-3s 1.313e+03  [-166 4.467e-09 2.393e-11 6.063e-02]  [15 -28 1]
 ST 183-1  1.316e+03  [0 1.000e+00 5.800e-03 9.951e-06]  [975 0 20]
 ST 183-2  1.317e+03  [-100 9.952e-06 5.772e-08 2.542e-05]  [1384 -1 60]
 ST 183-3s 1.318e+03  [-167 4.137e-09 2.400e-11 6.117e-02]  [16 -28 1]
 ST 184-1  1.321e+03  [0 1.000e+00 5.809e-03 9.981e-06]  [812 -3 17]
 ST 184-2  1.323e+03  [-100 9.981e-06 5.798e-08 2.537e-05]  [1601 -2 63]
 ST 184-3s 1.323e+03  [-167 4.106e-09 2.386e-11 6.156e-02]  [18 -28 1]
 ST 185-1  1.328e+03  [0 1.000e+00 5.270e-03 9.969e-06]  [1022 0 14]
 ST 185-2  1.330e+03  [-100 9.970e-06 5.254e-08 2.794e-05]  [1802 -1 65]
 ST 185-3s 1.331e+03  [-166 4.479e-09 2.360e-11 6.209e-02]  [18 -28 1]
 ST 186-1  1.334e+03  [0 1.000e+00 4.396e-03 9.943e-06]  [856 -2 17]
 ST 186-2  1.335e+03  [-100 9.953e-06 4.376e-08 3.364e-05]  [1264 -2 58]
 ST 186-3s 1.336e+03  [-165 5.407e-09 2.377e-11 6.190e-02]  [16 -28 1]
 ST 187-1  1.339e+03  [0 1.000e+00 3.534e-03 9.991e-06]  [1074 0 22]
 ST 187-2  1.341e+03  [-99 1.002e-05 3.541e-08 4.165e-05]  [1716 -2 65]
 ST 187-3s 1.341e+03  [-163 6.638e-09 2.346e-11 6.257e-02]  [18 -28 1]
 ST 188-1  1.344e+03  [0 1.000e+00 3.167e-03 9.973e-06]  [910 -3 19]
 ST 188-2  1.346e+03  [-100 1.000e-05 3.167e-08 4.648e-05]  [1365 -2 60]
 ST 188-3s 1.347e+03  [-162 7.486e-09 2.371e-11 6.195e-02]  [17 -28 1]
 ST 189-1  1.350e+03  [0 1.000e+00 3.662e-03 9.998e-06]  [1013 -3 20]
 ST 189-2  1.351e+03  [-99 1.002e-05 3.669e-08 4.015e-05]  [1456 -1 61]
 ST 189-3s 1.352e+03  [-163 6.337e-09 2.320e-11 6.323e-02]  [18 -28 1]
 ST 190-1  1.355e+03  [0 1.000e+00 4.457e-03 9.954e-06]  [755 -2 15]
 ST 190-2  1.357e+03  [-100 9.960e-06 4.439e-08 3.290e-05]  [1370 -3 59]
 ST 190-3s 1.357e+03  [-165 5.282e-09 2.354e-11 6.240e-02]  [15 -28 1]
 ST 191-1  1.362e+03  [0 1.000e+00 5.177e-03 9.991e-06]  [781 -1 10]
 ST 191-2  1.363e+03  [-100 9.991e-06 5.172e-08 2.851e-05]  [1065 -3 52]
 ST 191-3s 1.364e+03  [-166 4.476e-09 2.317e-11 6.269e-02]  [15 -28 1]
 ST 192-1  1.367e+03  [0 1.000e+00 5.506e-03 9.977e-06]  [870 0 18]
 ST 192-2  1.369e+03  [-100 9.978e-06 5.494e-08 2.683e-05]  [1756 -1 65]
 ST 192-3s 1.369e+03  [-167 4.210e-09 2.318e-11 6.342e-02]  [18 -28 1]
 ST 193-1  1.373e+03  [0 1.000e+00 5.456e-03 9.960e-06]  [804 -2 29]
 ST 193-2  1.377e+03  [-100 9.961e-06 5.435e-08 2.704e-05]  [1202 -3 37]
 ST 193-3s 1.378e+03  [-167 4.256e-09 2.322e-11 6.296e-02]  [17 -28 1]
 ST 194-1  1.382e+03  [0 1.000e+00 5.084e-03 9.966e-06]  [967 -3 19]
 ST 194-2  1.384e+03  [-100 9.973e-06 5.070e-08 2.902e-05]  [1742 0 64]
 ST 194-3s 1.384e+03  [-166 4.500e-09 2.288e-11 6.403e-02]  [18 -27 1]
 ST 195-1  1.387e+03  [0 1.000e+00 4.607e-03 9.949e-06]  [934 -1 20]
 ST 195-2  1.389e+03  [-100 9.963e-06 4.590e-08 3.200e-05]  [1149 -1 57]
 ST 195-3s 1.390e+03  [-166 4.898e-09 2.256e-11 6.536e-02]  [16 -27 1]
 ST 196-1  1.395e+03  [0 1.000e+00 4.265e-03 9.958e-06]  [1000 -2 14]
 ST 196-2  1.396e+03  [-100 9.978e-06 4.256e-08 3.465e-05]  [898 -3 49]
 ST 196-3s 1.397e+03  [-165 5.287e-09 2.255e-11 6.539e-02]  [18 -27 1]
 ST 197-1  1.401e+03  [0 1.000e+00 4.154e-03 9.949e-06]  [937 -1 21]
 ST 197-2  1.403e+03  [-100 9.971e-06 4.142e-08 3.543e-05]  [1078 -1 53]
 ST 197-3s 1.403e+03  [-165 5.339e-09 2.218e-11 6.529e-02]  [15 -27 1]
 ST 198-1  1.407e+03  [0 1.000e+00 4.169e-03 9.977e-06]  [943 -1 20]
 ST 198-2  1.409e+03  [-100 9.987e-06 4.164e-08 3.529e-05]  [1073 0 55]
 ST 198-3s 1.409e+03  [-165 5.328e-09 2.221e-11 6.536e-02]  [13 -27 1]
 ST 199-1  1.413e+03  [0 1.000e+00 4.004e-03 9.950e-06]  [763 -3 15]
 ST 199-2  1.415e+03  [-100 9.959e-06 3.988e-08 3.698e-05]  [1625 -3 63]
 ST 199-3s 1.415e+03  [-165 5.510e-09 2.206e-11 6.646e-02]  [18 -27 1]
 ST 200-1  1.419e+03  [0 1.000e+00 1.988e-02 9.956e-06]  [1022 0 21]
 ST 200-2  1.421e+03  [-99 1.007e-05 2.002e-07 9.989e-06]  [1972 -2 74]
 ST 200-3s 1.421e+03  [-179 1.075e-09 2.137e-11 6.878e-02]  [65 -1 7]
 ST 201-1  1.424e+03  [0 1.000e+00 9.350e-01 9.967e-06]  [1011 -3 24]
 ST 201-2  1.426e+03  [-83 7.027e-05 6.570e-05 9.998e-06]  [1248 -3 59]
 ST 201-3s 1.429e+03  [-178 1.206e-09 1.128e-09 1.308e-03]  [1073 0 25]
