201 512
0.000000 0.000000
0.005000 131.926156
0.010000 248.934164
0.015000 352.708988
0.020000 444.750928
0.025000 526.388420
0.030000 598.790176
0.035000 662.993276
0.040000 719.923540
0.045000 770.409500
0.050000 815.191464
0.055000 854.927296
0.060000 890.196564
0.065000 921.504556
0.070000 949.287856
0.075000 973.923028
0.080000 995.740004
0.085000 1015.041792
0.090000 1032.132124
0.095000 1047.331276
0.100000 1060.825672
0.105000 1072.794112
0.110000 1083.409136
0.115000 1092.823844
0.120000 1101.174024
0.125000 1108.579996
0.130000 1115.148396
0.135000 1120.974036
0.140000 1126.141316
0.145000 1130.727392
0.150000 1134.819384
0.155000 1138.625348
0.160000 1143.299336
0.165000 1156.443616
0.170000 1213.715340
0.175000 2061.878796
0.180000 4952.513192
0.185000 8172.015620
0.190000 11285.975072
0.195000 14241.909072
0.200000 17040.750644
0.205000 19689.980548
0.210000 22197.441660
0.215000 24570.718660
0.220000 26816.990412
0.225000 28943.053108
0.230000 30955.339692
0.235000 32859.939748
0.240000 34662.613800
0.245000 36368.817464
0.250000 37983.717088
0.255000 39512.197176
0.260000 40958.878644
0.265000 42328.135420
0.270000 43624.109116
0.275000 44850.722156
0.280000 46011.689428
0.285000 47110.528824
0.290000 48150.570772
0.295000 49134.967036
0.300000 50066.699028
0.305000 50948.585780
0.310000 51783.291856
0.315000 52573.335424
0.320000 53321.096648
0.325000 54028.826716
0.330000 54698.657632
0.335000 55332.613056
0.340000 55932.620364
0.345000 56500.524212
0.350000 57038.073576
0.355000 57546.859132
0.360000 58028.418028
0.365000 58484.206840
0.370000 58915.603536
0.375000 59323.912432
0.380000 59710.368548
0.385000 60076.141524
0.390000 60422.339108
0.395000 60750.010280
0.400000 61060.148140
0.405000 61353.692516
0.410000 61631.532460
0.415000 61894.508628
0.420000 62143.415632
0.425000 62379.004440
0.430000 62601.984868
0.435000 62813.028224
0.440000 63012.770196
0.445000 63201.814024
0.450000 63380.734028
0.455000 63550.079544
0.460000 63710.369688
0.465000 63862.053752
0.470000 64005.421664
0.475000 64139.968160
0.480000 64275.567164
0.485000 63275.296352
0.490000 57072.580576
0.495000 49743.490672
0.500000 43075.359000
0.505000 37266.574564
0.510000 32236.873976
0.515000 27886.124296
0.520000 24122.164680
0.525000 20865.985544
0.530000 18049.543100
0.535000 15613.261096
0.540000 13505.817772
0.545000 11682.824868
0.550000 10105.907072
0.555000 8741.887916
0.560000 7561.942292
0.565000 6541.135624
0.570000 5658.251620
0.575000 4894.931788
0.580000 4235.077456
0.585000 3664.494004
0.590000 3170.711468
0.595000 2742.915904
0.600000 2371.925772
0.605000 2050.147632
0.610000 1771.445468
0.615000 1530.857904
0.620000 1324.097652
0.625000 1146.767428
0.630000 993.227972
0.635000 859.169972
0.640000 743.196432
0.645000 642.875312
0.650000 556.118392
0.655000 481.107004
0.660000 416.244828
0.665000 360.131000
0.670000 311.546752
0.675000 269.448804
0.680000 232.962688
0.685000 201.369308
0.690000 174.077880
0.695000 150.578492
0.700000 130.367520
0.705000 112.846012
0.710000 97.614940
0.715000 84.438348
0.720000 73.040560
0.725000 63.184284
0.730000 54.662524
0.735000 47.293468
0.740000 40.917664
0.745000 35.396652
0.750000 30.612240
0.755000 26.465684
0.760000 22.875980
0.765000 19.776416
0.770000 17.108696
0.775000 14.813764
0.780000 12.821060
0.785000 11.090564
0.790000 9.593484
0.795000 8.298548
0.800000 7.178788
0.805000 6.210640
0.810000 5.373408
0.815000 4.648956
0.820000 4.021564
0.825000 3.477844
0.830000 3.006644
0.835000 2.598820
0.840000 2.246828
0.845000 1.943972
0.850000 1.683312
0.855000 1.456672
0.860000 1.260060
0.865000 1.089968
0.870000 0.942844
0.875000 0.815632
0.880000 0.705640
0.885000 0.610520
0.890000 0.528200
0.895000 0.456904
0.900000 0.395116
0.905000 0.341568
0.910000 0.295240
0.915000 0.255268
0.920000 0.220888
0.925000 0.191276
0.930000 0.165500
0.935000 0.143160
0.940000 0.123836
0.945000 0.107124
0.950000 0.092668
0.955000 0.080172
0.960000 0.069364
0.965000 0.060008
0.970000 0.051904
0.975000 0.044884
0.980000 0.038800
0.985000 0.033544
0.990000 0.029012
0.995000 0.025112
1.000000 0.021736
