---------------------------------------------------------------------
 Eq     N-i     T       dB  Ri/R1   Ri/R0    R/Ri     lsIt   dB  %t
---------------------------------------------------------------------
 ST 1-1  7.430e-01  [0 1.000e+00 1.000e+00 9.985e-06]  [1782 -2 80]
 ST 1-2  1.152e+00  [-18 1.199e-01 1.199e-01 9.990e-06]  [781 -1 62]
 ST 1-3s 2.016e+00  [-116 1.485e-06 1.485e-06 9.953e-06]  [2216 -2 82]
 ST 2-1  3.087e+00  [0 1.000e+00 1.710e+00 9.966e-06]  [1423 -2 46]
 ST 2-2  3.482e+00  [-27 4.046e-02 6.917e-02 9.960e-06]  [719 0 61]
 ST 2-3s 4.512e+00  [-127 4.233e-07 7.238e-07 1.000e-05]  [2743 -2 85]
 ST 3-1  5.537e+00  [0 1.000e+00 1.206e+00 9.973e-06]  [1369 -2 43]
 ST 3-2  5.971e+00  [-35 1.750e-02 2.110e-02 9.976e-06]  [867 -2 64]
 ST 3-3s 6.975e+00  [-132 2.259e-07 2.723e-07 9.993e-06]  [2613 0 85]
 ST 4-1  8.079e+00  [0 1.000e+00 9.668e-01 9.978e-06]  [1560 -1 45]
 ST 4-2  8.527e+00  [-26 4.935e-02 4.772e-02 9.978e-06]  [945 -1 67]
 ST 4-3s 9.314e+00  [-125 5.589e-07 5.404e-07 9.994e-06]  [1716 -3 81]
 ST 5-1  1.067e+01  [0 1.000e+00 5.993e-01 9.975e-06]  [1559 -1 50]
 ST 5-2  1.124e+01  [-32 2.379e-02 1.426e-02 9.993e-06]  [871 0 67]
 ST 5-3s 1.262e+01  [-132 2.424e-07 1.452e-07 9.990e-06]  [2736 -1 86]
 ST 6-1  1.403e+01  [0 1.000e+00 4.017e-01 9.977e-06]  [1563 -1 52]
 ST 6-2  1.468e+01  [-27 4.033e-02 1.620e-02 9.994e-06]  [966 -2 69]
 ST 6-3s 1.610e+01  [-127 4.055e-07 1.629e-07 9.983e-06]  [2608 0 85]
 ST 7-1  1.761e+01  [0 1.000e+00 2.903e-01 9.995e-06]  [1816 -1 56]
 ST 7-2  1.809e+01  [-26 4.835e-02 1.403e-02 9.998e-06]  [553 -2 56]
 ST 7-3s 1.929e+01  [-126 4.843e-07 1.406e-07 9.972e-06]  [1991 0 83]
 ST 8-1  2.089e+01  [0 1.000e+00 4.045e-01 9.995e-06]  [1505 -1 50]
 ST 8-2  2.157e+01  [-35 1.612e-02 6.521e-03 9.954e-06]  [850 -1 66]
 ST 8-3s 2.295e+01  [-135 1.628e-07 6.586e-08 9.991e-06]  [2221 -2 84]
 ST 9-1  2.450e+01  [0 1.000e+00 1.440e-01 9.996e-06]  [1799 -1 54]
 ST 9-2  2.507e+01  [-25 5.522e-02 7.950e-03 9.985e-06]  [744 -1 63]
 ST 9-3s 2.607e+01  [-125 5.526e-07 7.955e-08 9.944e-06]  [1700 -2 78]
 ST 10-1  2.736e+01  [0 1.000e+00 2.052e-01 9.978e-06]  [1399 -1 46]
 ST 10-2  2.804e+01  [-33 2.177e-02 4.467e-03 9.963e-06]  [1071 -2 70]
 ST 10-3s 2.980e+01  [-133 2.171e-07 4.455e-08 9.976e-06]  [3002 -2 86]
 ST 11-1  3.330e+01  [0 1.000e+00 2.363e-01 9.993e-06]  [1527 -2 21]
 ST 11-2  3.395e+01  [-33 2.007e-02 4.742e-03 9.999e-06]  [918 -2 69]
 ST 11-3s 3.559e+01  [-133 2.007e-07 4.742e-08 9.969e-06]  [2976 -1 87]
 ST 12-1  3.711e+01  [0 1.000e+00 1.955e-01 9.976e-06]  [1564 -1 47]
 ST 12-2  3.781e+01  [-34 1.833e-02 3.583e-03 9.994e-06]  [950 -1 68]
 ST 12-3s 3.894e+01  [-134 1.833e-07 3.584e-08 9.973e-06]  [1967 -1 81]
 ST 13-1  4.064e+01  [0 1.000e+00 1.569e-01 9.962e-06]  [1751 -1 50]
 ST 13-2  4.132e+01  [-39 1.118e-02 1.755e-03 9.976e-06]  [977 0 70]
 ST 13-3s 4.268e+01  [-139 1.116e-07 1.752e-08 1.737e-05]  [2312 -1 84]
 ST 14-1  4.418e+01  [0 1.000e+00 2.182e-01 9.984e-06]  [1559 -1 46]
 ST 14-2  4.481e+01  [-38 1.189e-02 2.595e-03 9.984e-06]  [910 -2 68]
 ST 14-3s 4.619e+01  [-138 1.188e-07 2.592e-08 1.177e-05]  [2361 0 85]
 ST 15-1  4.801e+01  [0 1.000e+00 2.114e-01 9.974e-06]  [1484 0 41]
 ST 15-2  4.884e+01  [-45 5.619e-03 1.188e-03 9.993e-06]  [1209 -2 73]
 ST 15-3s 4.996e+01  [-145 5.613e-08 1.186e-08 2.574e-05]  [1858 -1 80]
 ST 16-1  5.146e+01  [0 1.000e+00 1.914e-01 9.979e-06]  [1406 -1 47]
 ST 16-2  5.239e+01  [-47 4.094e-03 7.839e-04 9.965e-06]  [1329 0 75]
 ST 16-3s 5.370e+01  [-147 4.079e-08 7.810e-09 3.895e-05]  [2203 -1 83]
 ST 17-1  5.529e+01  [0 1.000e+00 2.107e-01 9.988e-06]  [1583 0 48]
 ST 17-2  5.603e+01  [-45 5.152e-03 1.086e-03 9.966e-06]  [1158 -2 72]
 ST 17-3s 5.689e+01  [-145 5.135e-08 1.082e-08 2.803e-05]  [1393 -2 76]
 ST 18-1  5.839e+01  [0 1.000e+00 2.371e-01 9.975e-06]  [1568 -2 52]
 ST 18-2  5.949e+01  [-57 1.347e-03 3.194e-04 9.986e-06]  [1451 -1 75]
 ST 18-3s 6.072e+01  [-157 1.346e-08 3.192e-09 9.523e-05]  [1372 -2 80]
 ST 19-1  6.487e+01  [0 1.000e+00 2.293e-01 9.986e-06]  [1529 -2 24]
 ST 19-2  6.605e+01  [-54 1.869e-03 4.286e-04 9.995e-06]  [1341 -1 80]
 ST 19-3s 6.701e+01  [-154 1.869e-08 4.285e-09 7.104e-05]  [1342 0 72]
 ST 20-1  6.850e+01  [0 1.000e+00 2.318e-01 9.955e-06]  [1330 0 46]
 ST 20-2  6.942e+01  [-56 1.437e-03 3.329e-04 9.967e-06]  [1508 -1 78]
 ST 20-3s 7.053e+01  [-156 1.433e-08 3.321e-09 9.196e-05]  [1452 -1 80]
 ST 21-1  7.183e+01  [0 1.000e+00 2.609e-01 9.999e-06]  [979 0 36]
 ST 21-2  7.300e+01  [-68 3.817e-04 9.959e-05 9.962e-06]  [1953 -1 81]
 ST 21-3s 7.384e+01  [-168 3.806e-09 9.929e-10 3.075e-04]  [1287 -1 73]
 ST 22-1  7.524e+01  [0 1.000e+00 2.711e-01 9.995e-06]  [1354 -1 47]
 ST 22-2  7.617e+01  [-63 6.855e-04 1.859e-04 9.971e-06]  [1580 -2 77]
 ST 22-3s 7.758e+01  [-163 6.839e-09 1.854e-09 1.642e-04]  [2050 0 86]
 ST 23-1  7.918e+01  [0 1.000e+00 2.692e-01 9.977e-06]  [1542 0 48]
 ST 23-2  8.035e+01  [-77 1.367e-04 3.679e-05 9.989e-06]  [1995 0 82]
 ST 23-3s 8.121e+01  [-177 1.367e-09 3.680e-10 8.299e-04]  [1417 -2 75]
 ST 24-1  8.268e+01  [0 1.000e+00 2.937e-01 9.975e-06]  [1540 0 47]
 ST 24-2  8.371e+01  [-73 2.088e-04 6.130e-05 9.992e-06]  [1917 -1 81]
 ST 24-3s 8.430e+01  [-173 2.087e-09 6.129e-10 4.973e-04]  [905 -2 66]
 ST 25-1  8.567e+01  [0 1.000e+00 3.187e-01 9.964e-06]  [1448 -1 47]
 ST 25-2  8.665e+01  [-74 1.983e-04 6.321e-05 9.980e-06]  [1898 0 80]
 ST 25-3s 8.734e+01  [-174 1.980e-09 6.312e-10 4.820e-04]  [1147 -1 72]
 ST 26-1  8.861e+01  [0 1.000e+00 3.231e-01 9.992e-06]  [1286 0 46]
 ST 26-2  8.985e+01  [-91 2.814e-05 9.091e-06 9.964e-06]  [2317 -1 84]
 ST 26-3s 9.029e+01  [-190 2.901e-10 9.372e-11 3.258e-03]  [527 -1 54]
 ST 27-1  9.162e+01  [0 1.000e+00 3.413e-01 9.953e-06]  [1271 -2 43]
 ST 27-2  9.271e+01  [-76 1.513e-04 5.164e-05 9.981e-06]  [2028 -2 82]
 ST 27-3s 9.330e+01  [-176 1.511e-09 5.158e-10 5.890e-04]  [864 -2 66]
 ST 28-1  9.667e+01  [0 1.000e+00 3.730e-01 9.988e-06]  [1436 0 20]
 ST 28-2  9.787e+01  [-83 6.816e-05 2.542e-05 9.998e-06]  [2067 -1 82]
 ST 28-3s 9.843e+01  [-183 6.855e-10 2.557e-10 1.193e-03]  [741 -1 63]
 ST 29-1  9.984e+01  [0 1.000e+00 3.902e-01 9.945e-06]  [1493 -1 47]
 ST 29-2  1.009e+02  [-84 5.763e-05 2.249e-05 9.953e-06]  [2030 -2 83]
 ST 29-3s 1.017e+02  [-184 5.782e-10 2.256e-10 1.349e-03]  [1265 -2 74]
 ST 30-1  1.031e+02  [0 1.000e+00 4.110e-01 9.966e-06]  [1453 -1 46]
 ST 30-2  1.041e+02  [-79 1.049e-04 4.310e-05 9.954e-06]  [1967 -1 82]
 ST 30-3s 1.046e+02  [-179 1.047e-09 4.305e-10 7.081e-04]  [738 -1 60]
 ST 31-1  1.060e+02  [0 1.000e+00 4.488e-01 9.990e-06]  [1366 -2 48]
 ST 31-2  1.071e+02  [-81 8.702e-05 3.905e-05 9.988e-06]  [2016 -1 81]
 ST 31-3s 1.076e+02  [-181 8.752e-10 3.928e-10 7.775e-04]  [815 -3 66]
 ST 32-1  1.089e+02  [0 1.000e+00 4.798e-01 9.973e-06]  [1303 -1 45]
 ST 32-2  1.100e+02  [-85 5.331e-05 2.558e-05 9.963e-06]  [2129 -2 83]
 ST 32-3s 1.106e+02  [-185 5.396e-10 2.589e-10 1.176e-03]  [762 -2 65]
 ST 33-1  1.121e+02  [0 1.000e+00 5.060e-01 9.982e-06]  [1362 -2 42]
 ST 33-2  1.132e+02  [-83 6.964e-05 3.524e-05 9.985e-06]  [2051 0 82]
 ST 33-3s 1.139e+02  [-183 7.052e-10 3.568e-10 8.519e-04]  [1155 -1 72]
 ST 34-1  1.152e+02  [0 1.000e+00 5.491e-01 9.956e-06]  [1404 -1 48]
 ST 34-2  1.163e+02  [-77 1.279e-04 7.021e-05 9.973e-06]  [1911 -1 82]
 ST 34-3s 1.169e+02  [-177 1.289e-09 7.077e-10 4.312e-04]  [885 -1 65]
 ST 35-1  1.184e+02  [0 1.000e+00 5.996e-01 9.983e-06]  [1423 -2 47]
 ST 35-2  1.195e+02  [-79 1.054e-04 6.319e-05 9.990e-06]  [1963 -1 82]
 ST 35-3s 1.201e+02  [-179 1.075e-09 6.444e-10 4.736e-04]  [908 -2 66]
 ST 36-1  1.216e+02  [0 1.000e+00 6.471e-01 9.958e-06]  [1390 -1 46]
 ST 36-2  1.227e+02  [-80 9.730e-05 6.296e-05 9.991e-06]  [1977 -2 82]
 ST 36-3s 1.234e+02  [-179 1.001e-09 6.475e-10 4.687e-04]  [1168 -2 73]
 ST 37-1  1.251e+02  [0 1.000e+00 7.044e-01 9.998e-06]  [1333 0 48]
 ST 37-2  1.285e+02  [-78 1.208e-04 8.509e-05 9.974e-06]  [1953 -1 92]
 ST 37-3s 1.293e+02  [-178 1.241e-09 8.742e-10 3.474e-04]  [1180 -1 72]
 ST 38-1  1.307e+02  [0 1.000e+00 7.738e-01 9.967e-06]  [1322 -2 44]
 ST 38-2  1.318e+02  [-78 1.169e-04 9.043e-05 9.984e-06]  [1974 -2 81]
 ST 38-3s 1.326e+02  [-178 1.223e-09 9.461e-10 3.207e-04]  [1281 -1 74]
 ST 39-1  1.339e+02  [0 1.000e+00 8.471e-01 9.998e-06]  [1358 -1 51]
 ST 39-2  1.350e+02  [-77 1.285e-04 1.089e-04 9.989e-06]  [1940 0 81]
 ST 39-3s 1.360e+02  [-177 1.371e-09 1.161e-09 2.629e-04]  [1842 0 81]
 ST 40-1  1.373e+02  [0 1.000e+00 9.341e-01 9.956e-06]  [1368 -2 50]
 ST 40-2  1.384e+02  [-74 1.842e-04 1.721e-04 9.960e-06]  [1884 -2 81]
 ST 40-3s 1.395e+02  [-174 1.968e-09 1.839e-09 1.659e-04]  [1840 0 78]
 ST 41-1  1.409e+02  [0 1.000e+00 1.046e+00 9.956e-06]  [1359 -1 47]
 ST 41-2  1.420e+02  [-73 2.158e-04 2.256e-04 9.992e-06]  [1851 -1 80]
 ST 41-3s 1.428e+02  [-172 2.384e-09 2.493e-09 1.215e-04]  [1173 -3 74]
 ST 42-1  1.442e+02  [0 1.000e+00 1.176e+00 9.982e-06]  [1330 0 47]
 ST 42-2  1.453e+02  [-73 2.090e-04 2.457e-04 9.997e-06]  [1851 -1 82]
 ST 42-3s 1.461e+02  [-172 2.459e-09 2.892e-09 1.053e-04]  [1183 -1 73]
 ST 43-1  1.474e+02  [0 1.000e+00 1.324e+00 9.938e-06]  [1297 -1 47]
 ST 43-2  1.486e+02  [-72 2.273e-04 3.009e-04 9.973e-06]  [1836 -2 81]
 ST 43-3s 1.498e+02  [-170 2.917e-09 3.861e-09 7.896e-05]  [1957 -1 81]
 ST 44-1  1.510e+02  [0 1.000e+00 1.504e+00 9.960e-06]  [1292 -1 45]
 ST 44-2  1.521e+02  [-70 2.833e-04 4.262e-04 9.978e-06]  [1812 -1 82]
 ST 44-3s 1.530e+02  [-168 3.961e-09 5.959e-09 5.107e-05]  [1512 -1 77]
 ST 45-1  1.543e+02  [0 1.000e+00 1.732e+00 9.958e-06]  [1294 -1 46]
 ST 45-2  1.554e+02  [-68 3.567e-04 6.177e-04 9.948e-06]  [1780 -2 80]
 ST 45-3s 1.566e+02  [-164 5.703e-09 9.875e-09 3.081e-05]  [2017 -1 82]
 ST 46-1  1.599e+02  [0 1.000e+00 2.020e+00 9.993e-06]  [1292 -1 78]
 ST 46-2  1.609e+02  [-67 4.463e-04 9.018e-04 9.969e-06]  [1753 -1 80]
 ST 46-3s 1.618e+02  [-161 8.679e-09 1.753e-08 1.740e-05]  [1465 -2 75]
 ST 47-1  1.631e+02  [0 1.000e+00 2.395e+00 9.969e-06]  [1286 -1 46]
 ST 47-2  1.640e+02  [-65 5.541e-04 1.327e-03 9.951e-06]  [1736 0 80]
 ST 47-3s 1.652e+02  [-157 1.392e-08 3.333e-08 9.995e-06]  [2222 -1 84]
 ST 48-1  1.665e+02  [0 1.000e+00 2.889e+00 9.992e-06]  [1277 0 43]
 ST 48-2  1.675e+02  [-63 6.821e-04 1.971e-03 9.966e-06]  [1717 -2 80]
 ST 48-3s 1.686e+02  [-152 2.399e-08 6.930e-08 9.983e-06]  [1744 0 81]
 ST 49-1  1.701e+02  [0 1.000e+00 3.555e+00 9.995e-06]  [1274 -3 52]
 ST 49-2  1.712e+02  [-61 8.700e-04 3.092e-03 9.991e-06]  [1705 -1 77]
 ST 49-3s 1.722e+02  [-146 4.589e-08 1.631e-07 9.943e-06]  [1703 -1 78]
 ST 50-1  1.738e+02  [0 1.000e+00 6.535e+01 9.949e-06]  [1885 -2 55]
 ST 50-2  2.135e+02  !25 1.848e+01 1.208e+03 4.537e-04!  !76500 0 99!  WARNING: The linear system solution has not converged
 ST 50-3  2.141e+02  [13 4.525e+00 2.957e+02 9.982e-06]  [830 -1 64]
 ST 50-4  2.147e+02  [4 1.659e+00 1.084e+02 9.983e-06]  [867 -2 66]
 ST 50-5  2.153e+02  [-9 3.280e-01 2.144e+01 9.996e-06]  [979 0 69]
 ST 50-6  2.161e+02  [-38 1.184e-02 7.738e-01 9.971e-06]  [1394 -1 77]
 ST 50-7  2.168e+02  [-66 4.535e-04 2.963e-02 9.980e-06]  [1110 -2 72]
 ST 50-8s 2.180e+02  [-148 3.918e-08 2.560e-06 9.960e-06]  [2016 -1 80]
