---------------------------------------------------------------------
 Eq     N-i     T       dB  Ri/R1   Ri/R0    R/Ri     lsIt   dB  %t
---------------------------------------------------------------------
 ST 1-1  1.236e+00  [0 1.000e+00 1.000e+00 9.999e-06]  [2867 0 86]
 ST 1-2  1.785e+00  [-8 3.977e-01 3.977e-01 9.969e-06]  [1121 -2 72]
 ST 1-3  2.994e+00  [-96 1.493e-05 1.493e-05 9.990e-06]  [3279 -1 88]
 ST 1-4s 3.798e+00  [-147 4.195e-08 4.195e-08 2.201e-05]  [1996 0 81]
 ST 2-1  5.593e+00  [0 1.000e+00 2.096e+00 9.963e-06]  [2453 0 48]
 ST 2-2  6.439e+00  [-15 1.687e-01 3.535e-01 9.986e-06]  [1544 0 79]
 ST 2-3  7.899e+00  [-92 2.431e-05 5.094e-05 9.995e-06]  [3083 -1 86]
 ST 2-4s 8.830e+00  [-134 1.862e-07 3.901e-07 9.995e-06]  [1962 -1 80]
 ST 3-1  1.179e+01  [0 1.000e+00 1.064e+01 9.996e-06]  [1744 0 22]
 ST 3-2  1.244e+01  [-44 6.056e-03 6.443e-02 9.978e-06]  [1334 0 76]
 ST 3-3s 1.381e+01  [-101 8.540e-06 9.085e-05 9.991e-06]  [2300 0 83]
 ST 4-1  1.525e+01  [0 1.000e+00 1.275e+01 9.983e-06]  [1136 -1 30]
 ST 4-2  1.604e+01  [-47 4.396e-03 5.604e-02 9.971e-06]  [1834 -2 80]
 ST 4-3s 1.696e+01  [-101 7.975e-06 1.016e-04 9.977e-06]  [2314 -1 83]
 ST 5-1  1.865e+01  [0 1.000e+00 9.263e+00 9.992e-06]  [1661 -1 38]
 ST 5-2  1.938e+01  [-29 3.459e-02 3.204e-01 9.997e-06]  [1544 -1 74]
 ST 5-3  2.031e+01  [-86 4.542e-05 4.208e-04 9.985e-06]  [1755 -1 72]
 ST 5-4s 2.320e+01  [-138 1.137e-07 1.053e-06 9.998e-06]  [2101 0 94]
 ST 6-1  3.020e+01  [0 1.000e+00 4.231e+00 9.989e-06]  [1717 -1 9]
 ST 6-2  3.085e+01  [-24 5.776e-02 2.444e-01 9.988e-06]  [1571 -1 75]
 ST 6-3  3.176e+01  [-91 2.772e-05 1.173e-04 9.983e-06]  [2327 -1 82]
 ST 6-4s 3.266e+01  [-146 4.723e-08 1.998e-07 9.980e-06]  [2146 0 82]
 ST 7-1  3.426e+01  [0 1.000e+00 1.580e+00 9.974e-06]  [2067 -1 45]
 ST 7-2  3.482e+01  [-32 2.424e-02 3.831e-02 9.947e-06]  [1215 -2 70]
 ST 7-3s 3.571e+01  [-103 7.014e-06 1.108e-05 9.987e-06]  [2283 -1 83]
 ST 8-1  3.864e+01  [0 1.000e+00 8.561e-01 9.996e-06]  [2391 -2 26]
 ST 8-2  3.925e+01  [-35 1.645e-02 1.408e-02 9.988e-06]  [1368 -1 74]
 ST 8-3s 4.032e+01  [-108 3.841e-06 3.288e-06 9.983e-06]  [2696 -1 84]
 ST 9-1  4.597e+01  [0 1.000e+00 7.673e-01 9.968e-06]  [2267 -1 25]
 ST 9-2  4.673e+01  [-43 6.778e-03 5.201e-03 9.997e-06]  [1470 -1 75]
 ST 9-3s 4.793e+01  [-115 1.759e-06 1.350e-06 9.994e-06]  [2677 -1 81]
 ST 10-1  5.110e+01  [0 1.000e+00 1.400e+00 9.982e-06]  [2079 -1 23]
 ST 10-2  5.198e+01  [-39 1.040e-02 1.456e-02 9.986e-06]  [1661 -1 79]
 ST 10-3s 5.501e+01  [-112 2.337e-06 3.271e-06 9.974e-06]  [2590 -1 94]
 ST 11-1  5.734e+01  [0 1.000e+00 7.495e-01 9.976e-06]  [2483 -1 40]
 ST 11-2  5.811e+01  [-41 8.514e-03 6.381e-03 9.992e-06]  [1791 0 79]
 ST 11-3s 5.921e+01  [-115 1.772e-06 1.328e-06 9.986e-06]  [2567 0 83]
 ST 12-1  6.220e+01  [0 1.000e+00 5.284e-01 9.986e-06]  [2594 -1 29]
 ST 12-2  6.317e+01  [-57 1.361e-03 7.192e-04 9.994e-06]  [2241 -2 83]
 ST 12-3s 6.426e+01  [-129 3.227e-07 1.705e-07 9.983e-06]  [2703 -2 85]
 ST 13-1  6.797e+01  [0 1.000e+00 3.597e-01 9.975e-06]  [2739 -1 25]
 ST 13-2  6.882e+01  [-50 3.120e-03 1.122e-03 9.976e-06]  [1974 -1 82]
 ST 13-3s 6.989e+01  [-126 4.493e-07 1.616e-07 9.973e-06]  [2830 -1 85]
 ST 14-1  7.290e+01  [0 1.000e+00 5.296e-01 9.977e-06]  [2619 -1 28]
 ST 14-2  7.370e+01  [-46 4.745e-03 2.513e-03 9.990e-06]  [1906 0 80]
 ST 14-3s 7.477e+01  [-124 5.981e-07 3.167e-07 9.994e-06]  [2747 -1 84]
 ST 15-1  7.757e+01  [0 1.000e+00 3.707e-01 9.999e-06]  [2568 -1 31]
 ST 15-2  7.848e+01  [-51 2.547e-03 9.441e-04 9.992e-06]  [2019 -1 82]
 ST 15-3s 7.957e+01  [-128 3.954e-07 1.465e-07 9.978e-06]  [2536 -1 83]
 ST 16-1  8.230e+01  [0 1.000e+00 2.755e-01 9.990e-06]  [2193 -2 28]
 ST 16-2  8.332e+01  [-67 4.190e-04 1.154e-04 9.983e-06]  [2357 0 78]
 ST 16-3s 8.425e+01  [-138 1.131e-07 3.115e-08 2.964e-05]  [2234 -1 83]
 ST 17-1  8.995e+01  [0 1.000e+00 2.431e-01 9.995e-06]  [2517 -1 16]
 ST 17-2  9.094e+01  [-63 6.785e-04 1.650e-04 9.999e-06]  [2343 -2 82]
 ST 17-3s 9.195e+01  [-136 1.564e-07 3.802e-08 2.428e-05]  [2358 0 83]
 ST 18-1  9.607e+01  [0 1.000e+00 2.613e-01 9.971e-06]  [2646 -1 21]
 ST 18-2  9.695e+01  [-54 1.907e-03 4.982e-04 9.976e-06]  [2125 -1 83]
 ST 18-3s 9.800e+01  [-132 2.414e-07 6.306e-08 1.462e-05]  [2721 -1 84]
 ST 19-1  9.997e+01  [0 1.000e+00 2.073e-01 9.980e-06]  [2730 -1 46]
 ST 19-2  1.008e+02  [-57 1.326e-03 2.749e-04 9.974e-06]  [2207 0 83]
 ST 19-3s 1.018e+02  [-136 1.444e-07 2.994e-08 3.085e-05]  [2508 0 83]
 ST 20-1  1.051e+02  [0 1.000e+00 1.873e-01 9.996e-06]  [2650 -2 26]
 ST 20-2  1.060e+02  [-63 6.737e-04 1.261e-04 9.995e-06]  [2346 -2 83]
 ST 20-3s 1.069e+02  [-139 1.088e-07 2.038e-08 4.526e-05]  [2219 -1 80]
 ST 21-1  1.097e+02  [0 1.000e+00 2.006e-01 9.983e-06]  [2470 -1 31]
 ST 21-2  1.107e+02  [-66 4.877e-04 9.781e-05 9.987e-06]  [2333 -1 83]
 ST 21-3s 1.116e+02  [-141 8.647e-08 1.734e-08 5.317e-05]  [2238 -2 81]
 ST 22-1  1.147e+02  [0 1.000e+00 2.035e-01 9.971e-06]  [2464 0 27]
 ST 22-2  1.156e+02  [-66 4.535e-04 9.230e-05 9.988e-06]  [2326 -1 83]
 ST 22-3s 1.165e+02  [-143 6.722e-08 1.368e-08 6.739e-05]  [2132 -1 81]
 ST 23-1  1.208e+02  [0 1.000e+00 1.859e-01 9.980e-06]  [2426 -1 19]
 ST 23-2  1.217e+02  [-64 5.932e-04 1.103e-04 9.982e-06]  [2269 -1 83]
 ST 23-3s 1.226e+02  [-144 6.285e-08 1.169e-08 7.888e-05]  [2096 0 80]
 ST 24-1  1.259e+02  [0 1.000e+00 1.781e-01 9.993e-06]  [2463 -1 26]
 ST 24-2  1.267e+02  [-61 8.490e-04 1.512e-04 9.996e-06]  [2138 -2 81]
 ST 24-3s 1.276e+02  [-144 5.878e-08 1.047e-08 8.801e-05]  [2161 -1 82]
 ST 25-1  1.309e+02  [0 1.000e+00 1.690e-01 9.982e-06]  [2530 -1 26]
 ST 25-2  1.318e+02  [-64 6.145e-04 1.038e-04 9.991e-06]  [2177 -1 82]
 ST 25-3s 1.327e+02  [-146 4.764e-08 8.049e-09 1.148e-04]  [2048 0 81]
 ST 26-1  1.353e+02  [0 1.000e+00 1.518e-01 9.989e-06]  [2249 0 27]
 ST 26-2  1.364e+02  [-75 1.676e-04 2.544e-05 9.975e-06]  [2496 -2 86]
 ST 26-3s 1.372e+02  [-149 3.364e-08 5.108e-09 1.806e-04]  [1714 -1 79]
 ST 27-1  1.401e+02  [0 1.000e+00 1.384e-01 9.984e-06]  [2369 -1 28]
 ST 27-2  1.410e+02  [-71 2.778e-04 3.844e-05 9.985e-06]  [2352 0 84]
 ST 27-3s 1.418e+02  [-147 4.026e-08 5.571e-09 1.657e-04]  [1858 -1 81]
 ST 28-1  1.439e+02  [0 1.000e+00 1.320e-01 9.985e-06]  [2556 0 41]
 ST 28-2  1.449e+02  [-65 5.573e-04 7.357e-05 9.983e-06]  [2300 0 82]
 ST 28-3s 1.458e+02  [-145 5.314e-08 7.015e-09 1.313e-04]  [1999 0 82]
 ST 29-1  1.524e+02  [0 1.000e+00 1.284e-01 9.970e-06]  [2533 -1 13]
 ST 29-2  1.533e+02  [-65 5.081e-04 6.524e-05 9.995e-06]  [2258 0 81]
 ST 29-3s 1.541e+02  [-145 5.058e-08 6.494e-09 1.421e-04]  [1942 0 78]
 ST 30-1  1.583e+02  [0 1.000e+00 1.303e-01 9.975e-06]  [2476 -1 22]
 ST 30-2  1.593e+02  [-70 3.076e-04 4.008e-05 9.988e-06]  [2231 -2 83]
 ST 30-3s 1.601e+02  [-147 4.217e-08 5.496e-09 1.679e-04]  [1914 -1 82]
 ST 31-1  1.625e+02  [0 1.000e+00 1.364e-01 9.991e-06]  [2502 0 38]
 ST 31-2  1.635e+02  [-69 3.496e-04 4.769e-05 9.998e-06]  [2209 -1 81]
 ST 31-3s 1.642e+02  [-147 4.405e-08 6.009e-09 1.534e-04]  [1850 -1 81]
 ST 32-1  1.661e+02  [0 1.000e+00 1.391e-01 9.969e-06]  [2367 -1 43]
 ST 32-2  1.670e+02  [-66 4.491e-04 6.247e-05 9.988e-06]  [2196 0 82]
 ST 32-3s 1.678e+02  [-146 4.859e-08 6.759e-09 1.364e-04]  [1913 -1 80]
 ST 33-1  1.695e+02  [0 1.000e+00 1.372e-01 9.967e-06]  [2265 -1 45]
 ST 33-2  1.710e+02  [-66 4.874e-04 6.689e-05 9.985e-06]  [2180 -1 90]
 ST 33-3s 1.719e+02  [-146 4.508e-08 6.187e-09 1.492e-04]  [1882 -2 73]
 ST 34-1  1.736e+02  [0 1.000e+00 1.318e-01 9.997e-06]  [2351 0 51]
 ST 34-2  1.746e+02  [-69 3.407e-04 4.491e-05 9.997e-06]  [2255 0 83]
 ST 34-3s 1.754e+02  [-148 3.593e-08 4.736e-09 1.945e-04]  [1810 -1 80]
 ST 35-1  1.783e+02  [0 1.000e+00 1.236e-01 9.996e-06]  [2456 0 30]
 ST 35-2  1.794e+02  [-72 2.360e-04 2.916e-05 9.988e-06]  [2294 -2 85]
 ST 35-3s 1.820e+02  [-150 2.880e-08 3.558e-09 2.587e-04]  [1733 -2 93]
 ST 36-1  1.858e+02  [0 1.000e+00 1.153e-01 9.977e-06]  [2423 -1 22]
 ST 36-2  1.868e+02  [-72 2.306e-04 2.659e-05 9.989e-06]  [2218 -1 84]
 ST 36-3s 1.875e+02  [-150 2.899e-08 3.342e-09 2.757e-04]  [1749 0 78]
 ST 37-1  1.898e+02  [0 1.000e+00 1.101e-01 9.974e-06]  [2377 -1 34]
 ST 37-2  1.907e+02  [-70 2.878e-04 3.169e-05 9.985e-06]  [2173 -1 83]
 ST 37-3s 1.915e+02  [-151 2.690e-08 2.961e-09 3.108e-04]  [1719 -1 79]
 ST 38-1  1.940e+02  [0 1.000e+00 1.083e-01 9.992e-06]  [2285 -1 32]
 ST 38-2  1.949e+02  [-75 1.777e-04 1.924e-05 9.971e-06]  [2423 -1 84]
 ST 38-3s 1.956e+02  [-154 1.869e-08 2.024e-09 4.553e-04]  [1561 -1 75]
 ST 39-1  1.977e+02  [0 1.000e+00 1.105e-01 1.000e-05]  [2054 0 36]
 ST 39-2  1.988e+02  [-82 7.233e-05 7.994e-06 9.993e-06]  [2716 0 86]
 ST 39-3s 1.994e+02  [-154 1.864e-08 2.060e-09 4.473e-04]  [1453 -1 76]
 ST 40-1  2.012e+02  [0 1.000e+00 1.141e-01 9.972e-06]  [2119 -1 40]
 ST 40-2  2.022e+02  [-77 1.331e-04 1.519e-05 9.981e-06]  [2506 0 84]
 ST 40-3s 2.029e+02  [-155 1.761e-08 2.009e-09 4.595e-04]  [1576 -2 77]
 ST 41-1  2.054e+02  [0 1.000e+00 1.155e-01 9.993e-06]  [2014 -1 26]
 ST 41-2  2.064e+02  [-71 2.632e-04 3.041e-05 9.987e-06]  [2380 -1 84]
 ST 41-3s 2.072e+02  [-152 2.371e-08 2.739e-09 3.359e-04]  [1623 -1 79]
 ST 42-1  2.094e+02  [0 1.000e+00 1.146e-01 9.996e-06]  [2111 0 34]
 ST 42-2  2.103e+02  [-67 4.114e-04 4.715e-05 9.994e-06]  [2218 -1 82]
 ST 42-3s 2.111e+02  [-150 3.005e-08 3.444e-09 2.680e-04]  [1655 -1 79]
 ST 43-1  2.158e+02  [0 1.000e+00 1.120e-01 9.979e-06]  [2127 -1 16]
 ST 43-2  2.167e+02  [-65 5.530e-04 6.195e-05 9.976e-06]  [2082 -1 82]
 ST 43-3s 2.175e+02  [-148 3.849e-08 4.312e-09 2.136e-04]  [1744 0 78]
 ST 44-1  2.201e+02  [0 1.000e+00 1.088e-01 9.963e-06]  [2140 -2 28]
 ST 44-2  2.209e+02  [-64 5.713e-04 6.219e-05 9.951e-06]  [1899 -1 80]
 ST 44-3s 2.217e+02  [-147 4.455e-08 4.849e-09 1.903e-04]  [1804 0 81]
 ST 45-1  2.238e+02  [0 1.000e+00 1.108e-01 9.925e-06]  [1841 0 29]
 ST 45-2  2.246e+02  [-67 4.336e-04 4.806e-05 9.982e-06]  [1924 -2 81]
 ST 45-3s 2.253e+02  [-148 3.797e-08 4.209e-09 2.191e-04]  [1795 0 78]
 ST 46-1  2.274e+02  [0 1.000e+00 1.110e-01 9.958e-06]  [1849 -1 29]
 ST 46-2  2.284e+02  [-72 2.342e-04 2.600e-05 9.983e-06]  [2399 0 85]
 ST 46-3s 2.292e+02  [-152 2.475e-08 2.748e-09 3.354e-04]  [1674 -2 79]
 ST 47-1  2.321e+02  [0 1.000e+00 1.161e-01 9.974e-06]  [1975 -2 26]
 ST 47-2  2.334e+02  [-81 8.354e-05 9.701e-06 9.992e-06]  [2400 0 84]
 ST 47-3s 2.341e+02  [-157 1.340e-08 1.556e-09 5.914e-04]  [1423 -2 77]
 ST 48-1  2.358e+02  [0 1.000e+00 1.213e-01 9.957e-06]  [1653 -1 42]
 ST 48-2  2.367e+02  [-86 4.730e-05 5.740e-06 9.961e-06]  [2129 -1 78]
 ST 48-3s 2.373e+02  [-158 1.123e-08 1.362e-09 6.765e-04]  [1248 -1 75]
 ST 49-1  2.395e+02  [0 1.000e+00 1.244e-01 9.979e-06]  [2030 -1 36]
 ST 49-2  2.405e+02  [-83 7.040e-05 8.755e-06 9.965e-06]  [2461 -1 84]
 ST 49-3s 2.412e+02  [-157 1.296e-08 1.611e-09 5.721e-04]  [1439 0 77]
 ST 50-1  2.432e+02  [0 1.000e+00 1.265e-01 9.948e-06]  [1944 0 32]
 ST 50-2  2.460e+02  [-74 1.821e-04 2.303e-05 9.984e-06]  [2284 -2 94]
 ST 50-3s 2.467e+02  [-155 1.778e-08 2.248e-09 4.106e-04]  [1639 0 78]
 ST 51-1  2.495e+02  [0 1.000e+00 1.299e-01 9.959e-06]  [1829 -2 24]
 ST 51-2  2.504e+02  [-69 3.184e-04 4.137e-05 9.977e-06]  [2256 0 83]
 ST 51-3s 2.512e+02  [-151 2.746e-08 3.568e-09 2.582e-04]  [1779 -2 77]
 ST 52-1  2.535e+02  [0 1.000e+00 1.327e-01 9.997e-06]  [1897 0 29]
 ST 52-2  2.544e+02  [-67 4.250e-04 5.641e-05 9.953e-06]  [2100 0 83]
 ST 52-3s 2.552e+02  [-149 3.413e-08 4.529e-09 2.038e-04]  [1856 -1 79]
 ST 53-1  2.580e+02  [0 1.000e+00 1.381e-01 9.992e-06]  [2000 0 24]
 ST 53-2  2.589e+02  [-67 4.456e-04 6.154e-05 9.978e-06]  [2112 -1 81]
 ST 53-3s 2.597e+02  [-148 3.653e-08 5.045e-09 1.830e-04]  [1899 0 81]
 ST 54-1  2.617e+02  [0 1.000e+00 1.463e-01 9.978e-06]  [2058 -1 34]
 ST 54-2  2.626e+02  [-68 3.570e-04 5.225e-05 9.993e-06]  [2262 -1 82]
 ST 54-3s 2.634e+02  [-149 3.252e-08 4.759e-09 1.939e-04]  [1875 -1 79]
 ST 55-1  2.665e+02  [0 1.000e+00 1.543e-01 9.971e-06]  [2230 -1 23]
 ST 55-2  2.675e+02  [-74 1.966e-04 3.033e-05 9.995e-06]  [2383 -1 84]
 ST 55-3s 2.682e+02  [-152 2.272e-08 3.505e-09 2.628e-04]  [1758 -1 79]
 ST 56-1  2.703e+02  [0 1.000e+00 1.617e-01 9.977e-06]  [2075 -1 35]
 ST 56-2  2.712e+02  [-83 6.603e-05 1.068e-05 9.993e-06]  [2420 -1 84]
 ST 56-3s 2.719e+02  [-157 1.276e-08 2.064e-09 4.475e-04]  [1516 -1 75]
 ST 57-1  2.737e+02  [0 1.000e+00 1.698e-01 9.976e-06]  [1626 -2 30]
 ST 57-2  2.746e+02  [-84 6.154e-05 1.045e-05 9.993e-06]  [2154 -1 80]
 ST 57-3s 2.759e+02  [-157 1.348e-08 2.289e-09 4.024e-04]  [1389 0 88]
 ST 58-1  2.795e+02  [0 1.000e+00 1.800e-01 9.980e-06]  [2204 0 20]
 ST 58-2  2.804e+02  [-80 9.745e-05 1.754e-05 9.962e-06]  [2345 -2 83]
 ST 58-3s 2.811e+02  [-157 1.366e-08 2.458e-09 3.751e-04]  [1594 0 78]
 ST 59-1  2.829e+02  [0 1.000e+00 1.928e-01 9.974e-06]  [2219 -1 42]
 ST 59-2  2.840e+02  [-74 1.871e-04 3.608e-05 9.966e-06]  [2442 -2 86]
 ST 59-3s 2.847e+02  [-153 2.182e-08 4.207e-09 2.189e-04]  [1802 -1 79]
 ST 60-1  2.870e+02  [0 1.000e+00 2.087e-01 9.995e-06]  [2122 -1 31]
 ST 60-2  2.879e+02  [-70 2.822e-04 5.890e-05 9.993e-06]  [2315 -1 84]
 ST 60-3s 2.887e+02  [-150 2.868e-08 5.987e-09 1.540e-04]  [1923 -1 81]
 ST 61-1  2.909e+02  [0 1.000e+00 2.247e-01 9.978e-06]  [2066 -1 29]
 ST 61-2  2.918e+02  [-70 3.108e-04 6.984e-05 9.973e-06]  [2284 -1 83]
 ST 61-3s 2.926e+02  [-150 3.067e-08 6.894e-09 1.338e-04]  [1964 -1 80]
 ST 62-1  2.947e+02  [0 1.000e+00 2.404e-01 9.966e-06]  [2064 -1 31]
 ST 62-2  2.957e+02  [-71 2.540e-04 6.106e-05 9.983e-06]  [2345 -2 83]
 ST 62-3s 2.964e+02  [-151 2.755e-08 6.622e-09 1.391e-04]  [1943 0 80]
 ST 63-1  2.995e+02  [0 1.000e+00 2.554e-01 9.991e-06]  [2141 -2 25]
 ST 63-2  3.005e+02  [-76 1.452e-04 3.708e-05 9.990e-06]  [2342 -2 80]
 ST 63-3s 3.013e+02  [-153 2.063e-08 5.268e-09 1.749e-04]  [1828 -1 78]
 ST 64-1  3.033e+02  [0 1.000e+00 2.740e-01 9.975e-06]  [2043 0 35]
 ST 64-2  3.042e+02  [-83 6.625e-05 1.815e-05 9.971e-06]  [2242 -2 83]
 ST 64-3s 3.049e+02  [-157 1.351e-08 3.702e-09 2.488e-04]  [1643 0 77]
 ST 65-1  3.066e+02  [0 1.000e+00 2.915e-01 9.973e-06]  [1673 -2 34]
 ST 65-2  3.092e+02  [-86 4.905e-05 1.430e-05 9.968e-06]  [2071 -2 94]
 ST 65-3s 3.099e+02  [-157 1.306e-08 3.806e-09 2.425e-04]  [1553 -1 79]
 ST 66-1  3.119e+02  [0 1.000e+00 3.091e-01 9.982e-06]  [1805 0 33]
 ST 66-2  3.128e+02  [-81 8.364e-05 2.585e-05 9.970e-06]  [2269 -1 83]
 ST 66-3s 3.136e+02  [-157 1.336e-08 4.130e-09 2.230e-04]  [1756 -1 77]
 ST 67-1  3.154e+02  [0 1.000e+00 3.265e-01 9.978e-06]  [1901 0 37]
 ST 67-2  3.163e+02  [-75 1.767e-04 5.770e-05 9.947e-06]  [2155 -1 83]
 ST 67-3s 3.171e+02  [-154 1.969e-08 6.429e-09 1.433e-04]  [1958 -1 81]
 ST 68-1  3.195e+02  [0 1.000e+00 3.401e-01 9.991e-06]  [1762 -2 25]
 ST 68-2  3.205e+02  [-72 2.356e-04 8.013e-05 9.974e-06]  [2278 -1 83]
 ST 68-3s 3.213e+02  [-152 2.323e-08 7.902e-09 1.166e-04]  [2045 0 81]
 ST 69-1  3.234e+02  [0 1.000e+00 3.511e-01 9.976e-06]  [1871 -2 30]
 ST 69-2  3.243e+02  [-73 2.099e-04 7.368e-05 1.000e-05]  [2291 -2 83]
 ST 69-3s 3.252e+02  [-153 2.096e-08 7.358e-09 1.252e-04]  [2031 -1 81]
 ST 70-1  3.270e+02  [0 1.000e+00 3.603e-01 9.995e-06]  [1971 -1 35]
 ST 70-2  3.279e+02  [-78 1.237e-04 4.457e-05 9.969e-06]  [2217 -1 78]
 ST 70-3s 3.287e+02  [-156 1.462e-08 5.269e-09 1.753e-04]  [1912 -1 80]
 ST 71-1  3.310e+02  [0 1.000e+00 3.671e-01 9.977e-06]  [1862 -1 28]
 ST 71-2  3.319e+02  [-84 6.221e-05 2.284e-05 9.966e-06]  [2360 -1 84]
 ST 71-3s 3.328e+02  [-159 1.078e-08 3.956e-09 2.334e-04]  [1725 -1 74]
 ST 72-1  3.350e+02  [0 1.000e+00 3.760e-01 9.972e-06]  [1673 -1 27]
 ST 72-2  3.359e+02  [-85 5.590e-05 2.102e-05 9.954e-06]  [2249 0 82]
 ST 72-3s 3.366e+02  [-156 1.444e-08 5.429e-09 1.698e-04]  [1670 -1 80]
 ST 73-1  3.385e+02  [0 1.000e+00 3.836e-01 9.999e-06]  [1961 -1 36]
 ST 73-2  3.412e+02  [-82 7.665e-05 2.940e-05 9.984e-06]  [2329 -1 68]
 ST 73-3s 3.420e+02  [-159 1.051e-08 4.031e-09 2.288e-04]  [1788 0 78]
 ST 74-1  3.443e+02  [0 1.000e+00 4.020e-01 9.969e-06]  [2029 -1 31]
 ST 74-2  3.453e+02  [-76 1.500e-04 6.029e-05 9.983e-06]  [2408 0 84]
 ST 74-3s 3.463e+02  [-156 1.442e-08 5.798e-09 1.593e-04]  [2045 0 83]
 ST 75-1  3.487e+02  [0 1.000e+00 3.937e-01 9.985e-06]  [1897 0 28]
 ST 75-2  3.496e+02  [-72 2.274e-04 8.956e-05 9.980e-06]  [2312 0 82]
 ST 75-3s 3.505e+02  [-154 1.820e-08 7.167e-09 1.288e-04]  [2163 -1 81]
 ST 76-1  3.532e+02  [0 1.000e+00 4.195e-01 9.976e-06]  [2127 -1 26]
 ST 76-2  3.542e+02  [-76 1.461e-04 6.130e-05 9.975e-06]  [2341 -2 84]
 ST 76-3s 3.551e+02  [-157 1.370e-08 5.747e-09 1.602e-04]  [2071 -1 82]
 ST 77-1  3.566e+02  [0 1.000e+00 4.162e-01 9.995e-06]  [2008 0 45]
 ST 77-2  3.577e+02  [-83 6.589e-05 2.742e-05 9.990e-06]  [2609 0 85]
 ST 77-3s 3.585e+02  [-160 9.780e-09 4.070e-09 2.263e-04]  [1867 -1 80]
 ST 78-1  3.600e+02  [0 1.000e+00 4.351e-01 9.999e-06]  [1512 -1 33]
 ST 78-2  3.610e+02  [-83 6.450e-05 2.806e-05 9.992e-06]  [2429 -1 82]
 ST 78-3s 3.618e+02  [-156 1.436e-08 6.246e-09 1.476e-04]  [1859 -1 79]
 ST 79-1  3.638e+02  [0 1.000e+00 4.412e-01 9.993e-06]  [2081 -2 34]
 ST 79-2  3.649e+02  [-82 7.900e-05 3.486e-05 9.983e-06]  [2471 -1 84]
 ST 79-3s 3.657e+02  [-159 1.012e-08 4.465e-09 2.066e-04]  [1956 -1 81]
 ST 80-1  3.679e+02  [0 1.000e+00 4.489e-01 9.997e-06]  [2161 -1 31]
 ST 80-2  3.689e+02  [-76 1.444e-04 6.480e-05 9.998e-06]  [2461 -1 81]
 ST 80-3s 3.698e+02  [-158 1.217e-08 5.463e-09 1.689e-04]  [2161 -1 82]
 ST 81-1  3.737e+02  [0 1.000e+00 4.566e-01 9.979e-06]  [2214 0 18]
 ST 81-2  3.747e+02  [-74 1.798e-04 8.210e-05 9.986e-06]  [2630 -1 85]
 ST 81-3s 3.757e+02  [-157 1.315e-08 6.002e-09 1.536e-04]  [2247 0 83]
 ST 82-1  3.778e+02  [0 1.000e+00 4.587e-01 9.995e-06]  [2132 -1 31]
 ST 82-2  3.788e+02  [-77 1.281e-04 5.874e-05 9.983e-06]  [2416 0 85]
 ST 82-3s 3.797e+02  [-159 1.064e-08 4.882e-09 1.889e-04]  [2173 -1 81]
 ST 83-1  3.820e+02  [0 1.000e+00 4.604e-01 9.981e-06]  [2329 -1 33]
 ST 83-2  3.830e+02  [-80 1.000e-04 4.604e-05 9.990e-06]  [2480 -1 84]
 ST 83-3s 3.838e+02  [-161 8.912e-09 4.103e-09 2.245e-04]  [2053 0 82]
 ST 84-1  3.853e+02  [0 1.000e+00 4.622e-01 9.981e-06]  [1762 -1 40]
 ST 84-2  3.862e+02  [-76 1.475e-04 6.819e-05 9.846e-06]  [2348 0 83]
 ST 84-3s 3.870e+02  [-159 1.115e-08 5.153e-09 1.788e-04]  [2037 -1 82]
 ST 85-1  3.890e+02  [0 1.000e+00 4.695e-01 9.976e-06]  [2590 -1 43]
 ST 85-2  3.900e+02  [-73 2.200e-04 1.033e-04 9.994e-06]  [2844 -1 86]
 ST 85-3s 3.910e+02  [-159 1.072e-08 5.034e-09 1.832e-04]  [2214 0 83]
 ST 86-1  3.933e+02  [0 1.000e+00 4.569e-01 9.975e-06]  [2574 -1 35]
 ST 86-2  3.945e+02  [-72 2.397e-04 1.095e-04 9.993e-06]  [2973 0 86]
 ST 86-3s 3.954e+02  [-159 1.117e-08 5.105e-09 1.806e-04]  [2306 0 83]
 ST 87-1  3.976e+02  [0 1.000e+00 4.490e-01 9.995e-06]  [2770 0 41]
 ST 87-2  3.987e+02  [-69 3.259e-04 1.463e-04 9.978e-06]  [2931 -1 86]
 ST 87-3s 3.996e+02  [-159 1.102e-08 4.950e-09 1.865e-04]  [2178 -1 80]
 ST 88-1  4.018e+02  [0 1.000e+00 4.203e-01 9.977e-06]  [2598 -1 37]
 ST 88-2  4.047e+02  [-68 3.573e-04 1.502e-04 9.989e-06]  [2915 0 94]
 ST 88-3s 4.055e+02  [-159 1.003e-08 4.215e-09 2.184e-04]  [1942 0 81]
 ST 89-1  4.074e+02  [0 1.000e+00 3.027e-01 9.981e-06]  [1680 -1 29]
 ST 89-2  4.083e+02  [-61 7.951e-04 2.406e-04 9.980e-06]  [2274 -1 83]
 ST 89-3s 4.094e+02  [-156 1.547e-08 4.682e-09 1.971e-04]  [2796 -1 85]
 ST 90-1  4.117e+02  [0 1.000e+00 3.435e-01 9.985e-06]  [2695 -1 40]
 ST 90-2  4.124e+02  [-45 5.228e-03 1.796e-03 9.980e-06]  [1437 0 76]
 ST 90-3s 4.137e+02  [-140 9.235e-08 3.173e-08 2.907e-05]  [3631 0 88]
 ST 91-1  4.159e+02  [0 1.000e+00 4.826e-01 9.984e-06]  [2920 0 44]
 ST 91-2  4.165e+02  [-44 5.810e-03 2.804e-03 9.968e-06]  [1277 0 74]
 ST 91-3s 4.175e+02  [-138 1.179e-07 5.690e-08 1.619e-05]  [2541 -1 84]
 ST 92-1  4.193e+02  [0 1.000e+00 6.958e-01 9.986e-06]  [2748 -1 51]
 ST 92-2  4.202e+02  [-45 5.580e-03 3.882e-03 9.982e-06]  [1156 -1 80]
 ST 92-3s 4.223e+02  [-138 1.194e-07 8.310e-08 1.110e-05]  [3642 0 89]
 ST 93-1  4.250e+02  [0 1.000e+00 1.486e+00 9.993e-06]  [2508 0 52]
 ST 93-2  4.267e+02  [-52 2.371e-03 3.524e-03 9.975e-06]  [2480 -1 85]
 ST 93-3s 4.292e+02  [-147 4.400e-08 6.539e-08 1.410e-05]  [3912 -1 90]
 ST 94-1  4.315e+02  [0 1.000e+00 1.248e+00 9.990e-06]  [1942 0 47]
 ST 94-2  4.329e+02  [-41 8.120e-03 1.013e-02 9.977e-06]  [2002 0 82]
 ST 94-3s 4.368e+02  [-137 1.374e-07 1.715e-07 9.995e-06]  [3355 -1 93]
 ST 95-1  4.395e+02  [0 1.000e+00 4.775e-01 9.993e-06]  [2710 0 55]
 ST 95-2  4.413e+02  [-55 1.704e-03 8.135e-04 9.983e-06]  [2662 0 85]
 ST 95-3s 4.437e+02  [-150 2.921e-08 1.395e-08 6.601e-05]  [3582 0 89]
 ST 96-1  4.465e+02  [0 1.000e+00 6.651e-01 9.992e-06]  [3193 -1 62]
 ST 96-2  4.484e+02  [-57 1.283e-03 8.531e-04 9.998e-06]  [2762 0 86]
 ST 96-3s 4.507e+02  [-153 2.045e-08 1.360e-08 6.788e-05]  [3735 0 89]
 ST 97-1  4.538e+02  [0 1.000e+00 4.859e-01 9.982e-06]  [3488 0 63]
 ST 97-2  4.548e+02  [-44 6.174e-03 3.000e-03 9.984e-06]  [1382 0 75]
 ST 97-3s 4.569e+02  [-140 9.714e-08 4.720e-08 1.955e-05]  [3308 -1 88]
 ST 98-1  4.595e+02  [0 1.000e+00 9.046e-01 9.982e-06]  [2708 0 57]
 ST 98-2  4.612e+02  [-54 1.943e-03 1.757e-03 9.976e-06]  [2522 -1 84]
 ST 98-3s 4.640e+02  [-148 3.586e-08 3.244e-08 2.842e-05]  [4497 0 91]
 ST 99-1  4.683e+02  [0 1.000e+00 2.042e+00 9.991e-06]  [2559 0 74]
 ST 99-2  4.697e+02  [-37 1.275e-02 2.604e-02 9.979e-06]  [1935 -1 81]
 ST 99-3s 4.721e+02  [-133 2.116e-07 4.321e-07 9.966e-06]  [3767 -1 89]
 ST 100-1  4.752e+02  [0 1.000e+00 1.097e+00 9.978e-06]  [3424 0 62]
 ST 100-2  4.768e+02  [-34 1.978e-02 2.170e-02 9.985e-06]  [2396 -1 84]
 ST 100-3s 4.794e+02  [-131 2.614e-07 2.867e-07 9.993e-06]  [4069 -1 87]
 ST 101-1  4.828e+02  [0 1.000e+00 3.132e-01 9.975e-06]  [3392 -1 58]
 ST 101-2  4.847e+02  [-51 2.668e-03 8.357e-04 9.991e-06]  [2924 0 87]
 ST 101-3s 4.873e+02  [-149 3.215e-08 1.007e-08 9.149e-05]  [4317 -1 90]
 ST 102-1  4.907e+02  [0 1.000e+00 2.735e-01 9.990e-06]  [3726 0 61]
 ST 102-2  4.925e+02  [-43 6.560e-03 1.794e-03 9.984e-06]  [2580 -1 84]
 ST 102-3s 4.948e+02  [-142 7.238e-08 1.980e-08 4.664e-05]  [3776 0 88]
 ST 103-1  4.993e+02  [0 1.000e+00 3.206e-01 9.973e-06]  [2891 -1 75]
 ST 103-2  5.008e+02  [-41 8.389e-03 2.690e-03 9.999e-06]  [2192 -1 82]
 ST 103-3s 5.037e+02  [-141 8.886e-08 2.849e-08 3.242e-05]  [4515 -1 91]
 ST 104-1  5.072e+02  [0 1.000e+00 3.789e-01 9.979e-06]  [4057 -1 64]
 ST 104-2  5.094e+02  [-55 1.650e-03 6.252e-04 9.983e-06]  [3499 -1 88]
 ST 104-3s 5.116e+02  [-154 1.931e-08 7.315e-09 1.261e-04]  [3605 -1 88]
 ST 105-1  5.152e+02  [0 1.000e+00 2.689e-01 9.994e-06]  [4340 0 67]
 ST 105-2  5.174e+02  [-49 3.365e-03 9.047e-04 9.988e-06]  [3381 0 88]
 ST 105-3s 5.202e+02  [-148 3.888e-08 1.046e-08 8.833e-05]  [4659 0 91]
 ST 106-1  5.234e+02  [0 1.000e+00 4.293e-01 9.989e-06]  [3810 -1 65]
 ST 106-2  5.254e+02  [-46 4.824e-03 2.071e-03 9.990e-06]  [2957 -1 86]
 ST 106-3s 5.284e+02  [-146 5.002e-08 2.147e-08 4.295e-05]  [4923 0 91]
 ST 107-1  5.329e+02  [0 1.000e+00 6.735e-01 9.997e-06]  [2898 -1 35]
 ST 107-2  5.346e+02  [-37 1.336e-02 8.998e-03 9.986e-06]  [2434 -1 84]
 ST 107-3s 5.372e+02  [-136 1.429e-07 9.627e-08 9.947e-06]  [4228 -1 90]
 ST 108-1  5.405e+02  [0 1.000e+00 9.129e-01 9.981e-06]  [3612 -1 60]
 ST 108-2  5.421e+02  [-34 1.796e-02 1.640e-02 9.997e-06]  [2508 0 84]
 ST 108-3s 5.455e+02  [-132 2.363e-07 2.158e-07 9.994e-06]  [5697 -1 92]
 ST 109-1  5.485e+02  [0 1.000e+00 1.311e+00 9.982e-06]  [3402 -1 62]
 ST 109-2  5.501e+02  [-33 2.226e-02 2.919e-02 9.980e-06]  [2408 0 83]
 ST 109-3s 5.528e+02  [-126 4.596e-07 6.026e-07 9.999e-06]  [4415 -1 90]
 ST 110-1  5.557e+02  [0 1.000e+00 2.029e+00 9.992e-06]  [2940 -1 56]
 ST 110-2  5.572e+02  [-32 2.403e-02 4.876e-02 9.995e-06]  [2222 -1 82]
 ST 110-3s 5.602e+02  [-121 8.121e-07 1.648e-06 9.985e-06]  [5080 -1 91]
 ST 111-1  5.639e+02  [0 1.000e+00 2.604e+00 9.977e-06]  [1532 0 23]
 ST 111-2  5.653e+02  [-40 9.989e-03 2.601e-02 9.986e-06]  [1979 -1 80]
 ST 111-3s 5.674e+02  [-130 3.056e-07 7.958e-07 9.955e-06]  [3262 -1 88]
 ST 112-1  5.701e+02  [0 1.000e+00 2.299e+00 9.998e-06]  [2692 -1 52]
 ST 112-2  5.708e+02  [-22 7.434e-02 1.709e-01 9.941e-06]  [808 -2 63]
 ST 112-3s 5.724e+02  [-101 8.290e-06 1.905e-05 9.995e-06]  [2203 0 82]
 ST 113-1  5.750e+02  [0 1.000e+00 1.497e+00 9.994e-06]  [2910 0 58]
 ST 113-2  5.765e+02  [-35 1.611e-02 2.411e-02 9.979e-06]  [2079 -1 82]
 ST 113-3s 5.787e+02  [-125 5.098e-07 7.630e-07 9.982e-06]  [3786 -1 89]
 ST 114-1  5.814e+02  [0 1.000e+00 1.895e+00 9.984e-06]  [2819 0 56]
 ST 114-2  5.830e+02  [-42 7.262e-03 1.376e-02 9.986e-06]  [2417 0 84]
 ST 114-3s 5.857e+02  [-137 1.371e-07 2.598e-07 9.975e-06]  [4331 -1 91]
 ST 115-1  5.880e+02  [0 1.000e+00 1.043e+00 9.992e-06]  [2180 -1 51]
 ST 115-2  5.893e+02  [-30 2.920e-02 3.046e-02 9.988e-06]  [1751 0 79]
 ST 115-3s 5.920e+02  [-121 7.991e-07 8.336e-07 9.982e-06]  [4449 0 91]
 ST 116-1  5.961e+02  [0 1.000e+00 1.995e+00 9.994e-06]  [2111 -1 28]
 ST 116-2  5.977e+02  [-59 1.099e-03 2.192e-03 9.973e-06]  [2489 -1 85]
 ST 116-3s 5.996e+02  [-151 2.749e-08 5.485e-08 1.684e-05]  [2871 -1 85]
 ST 117-1  6.020e+02  [0 1.000e+00 1.122e+00 9.980e-06]  [2113 0 49]
 ST 117-2  6.034e+02  [-43 6.680e-03 7.491e-03 9.999e-06]  [2059 0 81]
 ST 117-3s 6.060e+02  [-137 1.332e-07 1.494e-07 9.984e-06]  [4347 0 90]
 ST 118-1  6.087e+02  [0 1.000e+00 1.089e+00 9.998e-06]  [2721 -1 55]
 ST 118-2  6.101e+02  [-57 1.316e-03 1.433e-03 9.993e-06]  [2255 0 83]
 ST 118-3s 6.119e+02  [-149 3.534e-08 3.850e-08 2.392e-05]  [2748 -1 86]
 ST 119-1  6.145e+02  [0 1.000e+00 7.360e-01 9.989e-06]  [2664 0 55]
 ST 119-2  6.158e+02  [-45 5.394e-03 3.970e-03 9.972e-06]  [1799 -1 80]
 ST 119-3s 6.179e+02  [-139 1.109e-07 8.163e-08 1.131e-05]  [3446 -1 88]
 ST 120-1  6.203e+02  [0 1.000e+00 5.807e-01 9.969e-06]  [1777 -1 41]
 ST 120-2  6.214e+02  [-45 5.472e-03 3.177e-03 9.986e-06]  [1599 -1 78]
 ST 120-3s 6.237e+02  [-140 9.973e-08 5.791e-08 1.594e-05]  [3611 -1 89]
 ST 121-1  6.280e+02  [0 1.000e+00 5.776e-01 9.980e-06]  [2250 0 29]
 ST 121-2  6.292e+02  [-42 7.788e-03 4.498e-03 1.000e-05]  [1901 0 80]
 ST 121-3s 6.315e+02  [-136 1.418e-07 8.188e-08 1.126e-05]  [3706 -1 89]
 ST 122-1  6.340e+02  [0 1.000e+00 1.082e+00 9.982e-06]  [2292 -1 49]
 ST 122-2  6.352e+02  [-44 6.018e-03 6.511e-03 9.981e-06]  [1788 0 79]
 ST 122-3s 6.369e+02  [-135 1.594e-07 1.724e-07 9.986e-06]  [2553 0 84]
 ST 123-1  6.394e+02  [0 1.000e+00 1.709e+00 9.988e-06]  [2238 -1 48]
 ST 123-2  6.404e+02  [-37 1.295e-02 2.213e-02 9.995e-06]  [1496 -1 76]
 ST 123-3s 6.420e+02  [-125 5.105e-07 8.727e-07 9.983e-06]  [2467 -1 84]
 ST 124-1  6.442e+02  [0 1.000e+00 2.022e+00 9.993e-06]  [1721 -1 41]
 ST 124-2  6.459e+02  [-65 5.031e-04 1.017e-03 9.984e-06]  [2598 -1 85]
 ST 124-3s 6.477e+02  [-148 3.948e-08 7.983e-08 1.155e-05]  [2679 -1 85]
 ST 125-1  6.498e+02  [0 1.000e+00 1.195e+00 9.977e-06]  [1728 -2 44]
 ST 125-2  6.509e+02  [-45 5.023e-03 6.001e-03 9.979e-06]  [1465 -1 76]
 ST 125-3s 6.527e+02  [-136 1.481e-07 1.769e-07 9.966e-06]  [2841 -1 86]
 ST 126-1  6.551e+02  [0 1.000e+00 5.690e-01 9.994e-06]  [2173 -1 48]
 ST 126-2  6.560e+02  [-34 1.844e-02 1.049e-02 9.972e-06]  [1249 -1 72]
 ST 126-3s 6.597e+02  [-124 5.685e-07 3.235e-07 9.995e-06]  [3269 0 48]
 ST 127-1  6.621e+02  [0 1.000e+00 4.183e-01 9.999e-06]  [2288 -1 51]
 ST 127-2  6.637e+02  [-74 1.967e-04 8.228e-05 9.998e-06]  [2404 0 82]
 ST 127-3s 6.652e+02  [-153 2.192e-08 9.169e-09 1.006e-04]  [2200 0 82]
 ST 128-1  6.675e+02  [0 1.000e+00 6.387e-01 9.983e-06]  [2033 -1 49]
 ST 128-2  6.688e+02  [-55 1.701e-03 1.087e-03 9.973e-06]  [2026 -1 81]
 ST 128-3s 6.704e+02  [-148 3.903e-08 2.493e-08 3.691e-05]  [2553 0 84]
 ST 129-1  6.726e+02  [0 1.000e+00 7.281e-01 9.982e-06]  [1814 -1 46]
 ST 129-2  6.738e+02  [-46 4.513e-03 3.286e-03 1.000e-05]  [1703 -1 77]
 ST 129-3s 6.753e+02  [-136 1.443e-07 1.051e-07 9.966e-06]  [2267 -2 83]
 ST 130-1  6.776e+02  [0 1.000e+00 1.230e+00 9.994e-06]  [1727 -1 42]
 ST 130-2  6.787e+02  [-42 7.474e-03 9.192e-03 9.972e-06]  [1609 -1 77]
 ST 130-3s 6.802e+02  [-129 3.313e-07 4.074e-07 9.969e-06]  [2424 -1 83]
 ST 131-1  6.819e+02  [0 1.000e+00 1.390e+00 9.966e-06]  [1050 -1 33]
 ST 131-2  6.831e+02  [-54 1.843e-03 2.561e-03 9.997e-06]  [1634 0 77]
 ST 131-3s 6.848e+02  [-138 1.207e-07 1.678e-07 9.995e-06]  [2650 -2 85]
 ST 132-1  6.869e+02  [0 1.000e+00 1.277e+00 9.978e-06]  [1565 -1 39]
 ST 132-2  6.901e+02  [-63 6.945e-04 8.870e-04 9.994e-06]  [2060 -1 92]
 ST 132-3s 6.917e+02  [-145 5.118e-08 6.536e-08 1.408e-05]  [2540 -1 85]
 ST 133-1  6.938e+02  [0 1.000e+00 1.226e+00 9.999e-06]  [1568 -1 40]
 ST 133-2  6.953e+02  [-81 8.713e-05 1.069e-04 9.989e-06]  [2271 -1 83]
 ST 133-3s 6.967e+02  [-152 2.419e-08 2.967e-08 3.110e-05]  [2061 -1 80]
 ST 134-1  6.988e+02  [0 1.000e+00 8.776e-01 9.983e-06]  [1798 -1 45]
 ST 134-2  6.999e+02  [-49 3.496e-03 3.068e-03 9.993e-06]  [1475 -2 76]
 ST 134-3s 7.015e+02  [-134 1.791e-07 1.572e-07 9.949e-06]  [2434 -1 84]
 ST 135-1  7.038e+02  [0 1.000e+00 4.152e-01 9.993e-06]  [1915 -1 47]
 ST 135-2  7.048e+02  [-36 1.529e-02 6.347e-03 9.956e-06]  [1324 -2 75]
 ST 135-3s 7.061e+02  [-122 7.168e-07 2.976e-07 9.985e-06]  [1936 -2 80]
 ST 136-1  7.084e+02  [0 1.000e+00 2.170e-01 9.993e-06]  [2209 -1 52]
 ST 136-2  7.095e+02  [-39 1.115e-02 2.420e-03 9.981e-06]  [1442 0 76]
 ST 136-3s 7.107e+02  [-127 4.217e-07 9.152e-08 1.008e-05]  [1819 -1 79]
 ST 137-1  7.131e+02  [0 1.000e+00 2.073e-01 9.975e-06]  [2144 0 47]
 ST 137-2  7.140e+02  [-37 1.316e-02 2.728e-03 9.975e-06]  [1226 0 73]
 ST 137-3s 7.154e+02  [-127 4.356e-07 9.028e-08 1.017e-05]  [2052 -1 80]
 ST 138-1  7.176e+02  [0 1.000e+00 1.241e-01 9.993e-06]  [1860 -1 47]
 ST 138-2  7.186e+02  [-40 9.204e-03 1.142e-03 9.980e-06]  [1445 -1 73]
 ST 138-3s 7.218e+02  [-131 2.719e-07 3.374e-08 2.728e-05]  [2038 -2 91]
 ST 139-1  7.242e+02  [0 1.000e+00 8.280e-02 9.963e-06]  [2142 -2 48]
 ST 139-2  7.253e+02  [-48 3.690e-03 3.055e-04 9.971e-06]  [1608 -1 76]
 ST 139-3s 7.265e+02  [-140 9.668e-08 8.005e-09 1.154e-04]  [1728 -2 78]
 ST 140-1  7.290e+02  [0 1.000e+00 5.932e-02 9.971e-06]  [2185 -2 48]
 ST 140-2  7.302e+02  [-60 9.289e-04 5.510e-05 9.984e-06]  [1869 -1 80]
 ST 140-3s 7.313e+02  [-151 2.759e-08 1.636e-09 5.638e-04]  [1523 -2 76]
 ST 141-1  7.337e+02  [0 1.000e+00 1.104e-01 9.953e-06]  [2089 -2 46]
 ST 141-2  7.349e+02  [-53 2.107e-03 2.326e-04 9.992e-06]  [1823 -1 79]
 ST 141-3s 7.362e+02  [-147 4.402e-08 4.860e-09 1.901e-04]  [1844 0 79]
 ST 142-1  7.385e+02  [0 1.000e+00 2.132e-01 9.978e-06]  [2094 0 48]
 ST 142-2  7.397e+02  [-47 4.198e-03 8.951e-04 9.979e-06]  [1683 -2 78]
 ST 142-3s 7.410e+02  [-138 1.162e-07 2.479e-08 3.711e-05]  [1932 -2 81]
 ST 143-1  7.433e+02  [0 1.000e+00 2.742e-01 9.953e-06]  [2001 -1 49]
 ST 143-2  7.445e+02  [-48 3.710e-03 1.017e-03 9.994e-06]  [1712 -1 78]
 ST 143-3s 7.457e+02  [-138 1.252e-07 3.435e-08 2.677e-05]  [1815 -1 79]
 ST 144-1  7.480e+02  [0 1.000e+00 2.986e-01 9.987e-06]  [2029 -2 48]
 ST 144-2  7.492e+02  [-53 2.056e-03 6.139e-04 9.978e-06]  [1620 -2 78]
 ST 144-3s 7.505e+02  [-141 7.998e-08 2.388e-08 3.866e-05]  [2045 0 81]
 ST 145-1  7.546e+02  [0 1.000e+00 3.284e-01 9.982e-06]  [1852 -1 24]
 ST 145-2  7.558e+02  [-53 2.193e-03 7.203e-04 9.987e-06]  [1747 0 78]
 ST 145-3s 7.571e+02  [-140 9.547e-08 3.135e-08 2.928e-05]  [1943 0 80]
 ST 146-1  7.591e+02  [0 1.000e+00 3.718e-01 9.971e-06]  [1404 -1 38]
 ST 146-2  7.605e+02  [-58 1.157e-03 4.301e-04 9.973e-06]  [1972 -1 81]
 ST 146-3s 7.619e+02  [-144 6.043e-08 2.247e-08 4.100e-05]  [2121 -1 82]
 ST 147-1  7.641e+02  [0 1.000e+00 3.646e-01 9.984e-06]  [1804 -1 44]
 ST 147-2  7.653e+02  [-61 8.756e-04 3.193e-04 9.990e-06]  [1855 -1 78]
 ST 147-3s 7.667e+02  [-147 4.297e-08 1.567e-08 5.874e-05]  [1959 -1 79]
 ST 148-1  7.689e+02  [0 1.000e+00 3.794e-01 9.969e-06]  [1779 -2 45]
 ST 148-2  7.702e+02  [-63 6.978e-04 2.648e-04 9.992e-06]  [1984 -2 82]
 ST 148-3s 7.716e+02  [-147 4.176e-08 1.585e-08 5.820e-05]  [1952 -1 81]
 ST 149-1  7.738e+02  [0 1.000e+00 3.909e-01 9.987e-06]  [1793 0 44]
 ST 149-2  7.753e+02  [-69 3.529e-04 1.380e-04 9.963e-06]  [2189 -2 82]
 ST 149-3s 7.765e+02  [-149 3.291e-08 1.287e-08 7.164e-05]  [1853 -1 79]
 ST 150-1  7.788e+02  [0 1.000e+00 3.778e-01 9.999e-06]  [1829 -2 44]
 ST 150-2  7.803e+02  [-74 1.945e-04 7.351e-05 9.995e-06]  [2278 -1 83]
 ST 150-3s 7.816e+02  [-151 2.617e-08 9.888e-09 9.319e-05]  [1932 -2 80]
 ST 151-1  7.854e+02  [0 1.000e+00 3.624e-01 9.958e-06]  [1682 -2 70]
 ST 151-2  7.868e+02  [-85 5.359e-05 1.942e-05 9.984e-06]  [2173 -2 82]
 ST 151-3s 7.879e+02  [-152 2.424e-08 8.786e-09 1.047e-04]  [1570 -1 76]
 ST 152-1  7.900e+02  [0 1.000e+00 3.175e-01 9.963e-06]  [1875 -1 45]
 ST 152-2  7.917e+02  [-81 8.773e-05 2.786e-05 9.965e-06]  [2542 -1 84]
 ST 152-3s 7.929e+02  [-150 3.119e-08 9.905e-09 9.308e-05]  [1667 -1 77]
 ST 153-1  7.951e+02  [0 1.000e+00 2.744e-01 9.978e-06]  [1891 0 46]
 ST 153-2  7.966e+02  [-78 1.251e-04 3.433e-05 9.974e-06]  [2252 0 82]
 ST 153-3s 7.978e+02  [-151 2.621e-08 7.193e-09 1.283e-04]  [1681 -2 76]
 ST 154-1  8.000e+02  [0 1.000e+00 2.590e-01 9.958e-06]  [1983 -2 49]
 ST 154-2  8.015e+02  [-77 1.306e-04 3.382e-05 9.964e-06]  [2062 -1 82]
 ST 154-3s 8.027e+02  [-152 2.339e-08 6.059e-09 1.523e-04]  [1652 -1 79]
 ST 155-1  8.049e+02  [0 1.000e+00 2.332e-01 9.988e-06]  [1913 -1 48]
 ST 155-2  8.065e+02  [-79 1.099e-04 2.561e-05 9.970e-06]  [2378 -1 84]
 ST 155-3s 8.076e+02  [-152 2.356e-08 5.494e-09 1.677e-04]  [1507 -1 76]
 ST 156-1  8.096e+02  [0 1.000e+00 2.125e-01 9.992e-06]  [1654 -1 45]
 ST 156-2  8.113e+02  [-81 8.089e-05 1.719e-05 9.966e-06]  [2433 -1 83]
 ST 156-3s 8.124e+02  [-150 2.861e-08 6.079e-09 1.519e-04]  [1517 -1 77]
 ST 157-1  8.146e+02  [0 1.000e+00 2.049e-01 9.968e-06]  [1822 -1 46]
 ST 157-2  8.180e+02  [-80 8.918e-05 1.827e-05 9.967e-06]  [2573 -1 92]
 ST 157-3s 8.192e+02  [-150 2.914e-08 5.971e-09 1.542e-04]  [1564 -1 77]
 ST 158-1  8.213e+02  [0 1.000e+00 1.895e-01 9.985e-06]  [1866 -1 49]
 ST 158-2  8.230e+02  [-80 8.918e-05 1.690e-05 9.968e-06]  [2639 -1 84]
 ST 158-3s 8.241e+02  [-149 3.193e-08 6.050e-09 1.522e-04]  [1552 -1 76]
 ST 159-1  8.263e+02  [0 1.000e+00 1.776e-01 9.970e-06]  [1863 -1 46]
 ST 159-2  8.280e+02  [-84 5.978e-05 1.062e-05 9.967e-06]  [2433 -1 84]
 ST 159-3s 8.290e+02  [-149 3.236e-08 5.747e-09 1.603e-04]  [1460 -1 74]
 ST 160-1  8.313e+02  [0 1.000e+00 1.673e-01 9.983e-06]  [2018 -1 53]
 ST 160-2  8.329e+02  [-83 6.591e-05 1.103e-05 9.967e-06]  [2354 0 81]
 ST 160-3s 8.339e+02  [-152 2.502e-08 4.186e-09 2.206e-04]  [1381 0 75]
 ST 161-1  8.362e+02  [0 1.000e+00 1.537e-01 9.973e-06]  [2024 -1 49]
 ST 161-2  8.378e+02  [-83 6.823e-05 1.048e-05 9.987e-06]  [2240 -2 83]
 ST 161-3s 8.388e+02  [-152 2.252e-08 3.460e-09 2.668e-04]  [1317 -2 75]
 ST 162-1  8.411e+02  [0 1.000e+00 1.541e-01 9.971e-06]  [2040 -2 48]
 ST 162-2  8.427e+02  [-84 5.774e-05 8.896e-06 9.945e-06]  [2346 -2 84]
 ST 162-3s 8.436e+02  [-154 1.909e-08 2.942e-09 3.137e-04]  [1284 0 74]
 ST 163-1  8.457e+02  [0 1.000e+00 1.506e-01 9.963e-06]  [1775 -1 47]
 ST 163-2  8.492e+02  [-86 4.856e-05 7.313e-06 9.981e-06]  [2499 -2 92]
 ST 163-3s 8.502e+02  [-153 2.170e-08 3.268e-09 2.823e-04]  [1305 -1 73]
 ST 164-1  8.523e+02  [0 1.000e+00 1.533e-01 9.992e-06]  [1717 -1 45]
 ST 164-2  8.540e+02  [-79 1.006e-04 1.541e-05 9.969e-06]  [2584 -1 85]
 ST 164-3s 8.551e+02  [-152 2.469e-08 3.784e-09 2.440e-04]  [1502 -1 77]
 ST 165-1  8.574e+02  [0 1.000e+00 1.619e-01 9.964e-06]  [1931 -2 48]
 ST 165-2  8.590e+02  [-74 1.957e-04 3.169e-05 9.998e-06]  [2477 -1 85]
 ST 165-3s 8.602e+02  [-152 2.323e-08 3.762e-09 2.449e-04]  [1658 -1 78]
 ST 166-1  8.625e+02  [0 1.000e+00 1.701e-01 9.971e-06]  [1971 -1 49]
 ST 166-2  8.640e+02  [-70 3.136e-04 5.332e-05 9.971e-06]  [2280 -1 83]
 ST 166-3s 8.653e+02  [-150 3.068e-08 5.217e-09 1.768e-04]  [1831 -2 80]
 ST 167-1  8.675e+02  [0 1.000e+00 1.827e-01 9.987e-06]  [1918 -1 48]
 ST 167-2  8.690e+02  [-67 4.335e-04 7.919e-05 9.975e-06]  [2259 0 83]
 ST 167-3s 8.703e+02  [-147 4.065e-08 7.426e-09 1.242e-04]  [1945 0 81]
 ST 168-1  8.725e+02  [0 1.000e+00 1.929e-01 9.996e-06]  [1835 -2 46]
 ST 168-2  8.740e+02  [-68 3.804e-04 7.336e-05 9.989e-06]  [2315 -1 83]
 ST 168-3s 8.753e+02  [-147 4.175e-08 8.053e-09 1.146e-04]  [1949 0 80]
 ST 169-1  8.776e+02  [0 1.000e+00 1.973e-01 9.978e-06]  [1810 -1 45]
 ST 169-2  8.808e+02  [-68 3.678e-04 7.255e-05 9.997e-06]  [2329 -1 91]
 ST 169-3s 8.822e+02  [-146 4.630e-08 9.133e-09 1.011e-04]  [1935 -2 81]
 ST 170-1  8.845e+02  [0 1.000e+00 2.065e-01 9.995e-06]  [1807 -1 51]
 ST 170-2  8.861e+02  [-67 4.246e-04 8.770e-05 9.981e-06]  [2334 -1 84]
 ST 170-3s 8.875e+02  [-145 5.234e-08 1.081e-08 8.538e-05]  [2000 0 80]
 ST 171-1  8.898e+02  [0 1.000e+00 2.183e-01 9.974e-06]  [1803 -1 43]
 ST 171-2  8.913e+02  [-67 4.300e-04 9.389e-05 9.978e-06]  [2281 -1 82]
 ST 171-3s 8.927e+02  [-145 5.488e-08 1.198e-08 7.687e-05]  [2017 -1 80]
 ST 172-1  8.952e+02  [0 1.000e+00 2.274e-01 9.988e-06]  [1830 -2 39]
 ST 172-2  8.968e+02  [-67 4.393e-04 9.992e-05 9.981e-06]  [2351 0 84]
 ST 172-3s 8.981e+02  [-144 5.638e-08 1.282e-08 7.204e-05]  [2034 -2 81]
 ST 173-1  9.004e+02  [0 1.000e+00 2.393e-01 9.984e-06]  [1872 -1 43]
 ST 173-2  9.020e+02  [-66 4.756e-04 1.138e-04 9.994e-06]  [2336 -1 83]
 ST 173-3s 9.035e+02  [-144 6.156e-08 1.473e-08 6.258e-05]  [2097 0 81]
 ST 174-1  9.058e+02  [0 1.000e+00 2.528e-01 9.974e-06]  [1896 0 44]
 ST 174-2  9.073e+02  [-65 5.037e-04 1.273e-04 9.980e-06]  [2343 -2 83]
 ST 174-3s 9.085e+02  [-143 6.745e-08 1.705e-08 5.414e-05]  [2151 0 77]
 ST 175-1  9.125e+02  [0 1.000e+00 2.664e-01 9.995e-06]  [1885 -2 69]
 ST 175-2  9.141e+02  [-65 5.172e-04 1.378e-04 9.967e-06]  [2354 0 83]
 ST 175-3s 9.156e+02  [-142 7.330e-08 1.953e-08 4.710e-05]  [2197 0 83]
 ST 176-1  9.182e+02  [0 1.000e+00 2.806e-01 9.994e-06]  [1852 -1 40]
 ST 176-2  9.198e+02  [-65 5.420e-04 1.521e-04 9.983e-06]  [2364 -1 84]
 ST 176-3s 9.213e+02  [-141 8.193e-08 2.299e-08 4.007e-05]  [2254 0 83]
 ST 177-1  9.239e+02  [0 1.000e+00 2.968e-01 9.980e-06]  [1814 -1 39]
 ST 177-2  9.255e+02  [-64 5.745e-04 1.705e-04 9.997e-06]  [2359 0 84]
 ST 177-3s 9.273e+02  [-140 9.196e-08 2.730e-08 3.381e-05]  [2308 0 85]
 ST 178-1  9.289e+02  [0 1.000e+00 3.144e-01 9.999e-06]  [1763 -1 47]
 ST 178-2  9.301e+02  [-64 5.965e-04 1.876e-04 9.990e-06]  [2361 -1 78]
 ST 178-3s 9.311e+02  [-139 1.020e-07 3.206e-08 2.881e-05]  [2366 -1 85]
 ST 179-1  9.326e+02  [0 1.000e+00 3.331e-01 9.980e-06]  [1739 0 39]
 ST 179-2  9.336e+02  [-63 6.315e-04 2.104e-04 9.970e-06]  [2344 -2 83]
 ST 179-3s 9.347e+02  [-138 1.142e-07 3.805e-08 2.428e-05]  [2416 -1 85]
 ST 180-1  9.363e+02  [0 1.000e+00 3.546e-01 9.968e-06]  [1730 -2 39]
 ST 180-2  9.373e+02  [-63 6.694e-04 2.373e-04 9.963e-06]  [2340 -1 83]
 ST 180-3s 9.383e+02  [-137 1.287e-07 4.562e-08 2.021e-05]  [2484 -1 83]
 ST 181-1  9.396e+02  [0 1.000e+00 3.782e-01 9.986e-06]  [1730 -2 44]
 ST 181-2  9.406e+02  [-62 7.118e-04 2.692e-04 9.986e-06]  [2337 -1 83]
 ST 181-3s 9.416e+02  [-136 1.453e-07 5.496e-08 1.679e-05]  [2549 -2 83]
 ST 182-1  9.451e+02  [0 1.000e+00 4.047e-01 9.977e-06]  [1733 -2 18]
 ST 182-2  9.460e+02  [-62 7.603e-04 3.077e-04 9.990e-06]  [2332 -1 83]
 ST 182-3s 9.470e+02  [-135 1.646e-07 6.660e-08 1.386e-05]  [2618 -1 85]
 ST 183-1  9.484e+02  [0 1.000e+00 4.347e-01 9.998e-06]  [1733 -2 45]
 ST 183-2  9.496e+02  [-61 8.145e-04 3.540e-04 9.995e-06]  [2329 -1 82]
 ST 183-3s 9.510e+02  [-134 1.871e-07 8.133e-08 1.136e-05]  [2689 -1 85]
 ST 184-1  9.524e+02  [0 1.000e+00 4.684e-01 9.963e-06]  [1732 -2 47]
 ST 184-2  9.535e+02  [-61 8.730e-04 4.089e-04 9.984e-06]  [2321 -1 84]
 ST 184-3s 9.547e+02  [-133 2.130e-07 9.976e-08 9.989e-06]  [2729 -1 84]
 ST 185-1  9.561e+02  [0 1.000e+00 5.068e-01 9.969e-06]  [1730 -2 44]
 ST 185-2  9.570e+02  [-60 9.386e-04 4.757e-04 9.998e-06]  [2314 -1 82]
 ST 185-3s 9.581e+02  [-132 2.432e-07 1.233e-07 9.990e-06]  [2732 -1 85]
 ST 186-1  9.594e+02  [0 1.000e+00 5.506e-01 9.999e-06]  [1728 -1 41]
 ST 186-2  9.604e+02  [-59 1.016e-03 5.594e-04 9.997e-06]  [2315 -1 83]
 ST 186-3s 9.614e+02  [-131 2.795e-07 1.539e-07 9.975e-06]  [2733 -1 85]
 ST 187-1  9.628e+02  [0 1.000e+00 6.014e-01 9.974e-06]  [1726 -1 39]
 ST 187-2  9.638e+02  [-59 1.103e-03 6.633e-04 9.982e-06]  [2305 0 81]
 ST 187-3s 9.648e+02  [-129 3.215e-07 1.933e-07 9.980e-06]  [2729 -1 85]
 ST 188-1  9.662e+02  [0 1.000e+00 6.606e-01 9.988e-06]  [1725 -1 38]
 ST 188-2  9.671e+02  [-58 1.229e-03 8.119e-04 9.977e-06]  [2283 -1 82]
 ST 188-3s 9.682e+02  [-128 3.769e-07 2.490e-07 9.998e-06]  [2736 -1 85]
 ST 189-1  9.695e+02  [0 1.000e+00 7.317e-01 9.979e-06]  [1718 -1 43]
 ST 189-2  9.704e+02  [-57 1.276e-03 9.336e-04 9.976e-06]  [2277 -1 82]
 ST 189-3s 9.714e+02  [-127 4.193e-07 3.068e-07 9.998e-06]  [2741 -1 84]
 ST 190-1  9.727e+02  [0 1.000e+00 8.064e-01 9.984e-06]  [1698 0 41]
 ST 190-2  9.736e+02  [-57 1.400e-03 1.129e-03 9.996e-06]  [2254 0 83]
 ST 190-3s 9.766e+02  [-126 4.834e-07 3.898e-07 9.997e-06]  [2742 -1 68]
 ST 191-1  9.779e+02  [0 1.000e+00 9.021e-01 9.991e-06]  [1670 -1 42]
 ST 191-2  9.788e+02  [-56 1.556e-03 1.404e-03 9.991e-06]  [2235 -1 82]
 ST 191-3s 9.799e+02  [-125 5.611e-07 5.062e-07 9.969e-06]  [2742 -1 86]
 ST 192-1  9.817e+02  [0 1.000e+00 1.017e+00 9.969e-06]  [1641 0 47]
 ST 192-2  9.829e+02  [-55 1.692e-03 1.720e-03 9.983e-06]  [2221 -1 79]
 ST 192-3s 9.841e+02  [-123 6.402e-07 6.511e-07 9.997e-06]  [2764 0 86]
 ST 193-1  9.855e+02  [0 1.000e+00 1.151e+00 9.977e-06]  [1606 -1 40]
 ST 193-2  9.865e+02  [-54 1.814e-03 2.087e-03 9.992e-06]  [2223 -1 84]
 ST 193-3s 9.877e+02  [-122 7.250e-07 8.342e-07 9.979e-06]  [2764 0 86]
 ST 194-1  9.892e+02  [0 1.000e+00 1.309e+00 9.975e-06]  [1547 -1 42]
 ST 194-2  9.903e+02  [-54 1.921e-03 2.515e-03 9.985e-06]  [2222 -1 81]
 ST 194-3s 9.916e+02  [-121 8.122e-07 1.064e-06 9.973e-06]  [2761 0 85]
 ST 195-1  9.930e+02  [0 1.000e+00 1.496e+00 9.990e-06]  [1486 0 43]
 ST 195-2  9.940e+02  [-54 1.988e-03 2.973e-03 9.967e-06]  [2224 -1 80]
 ST 195-3s 9.951e+02  [-120 9.026e-07 1.350e-06 9.994e-06]  [2758 0 84]
 ST 196-1  9.964e+02  [0 1.000e+00 1.710e+00 9.995e-06]  [1435 0 37]
 ST 196-2  9.972e+02  [-54 1.976e-03 3.380e-03 9.998e-06]  [2174 -1 82]
 ST 196-3s 9.983e+02  [-120 9.878e-07 1.690e-06 9.982e-06]  [2734 -1 85]
 ST 197-1  9.996e+02  [0 1.000e+00 1.948e+00 9.987e-06]  [1460 -1 42]
 ST 197-2  1.000e+03  [-54 1.843e-03 3.590e-03 9.982e-06]  [2101 0 82]
 ST 197-3s 1.002e+03  [-119 1.070e-06 2.083e-06 9.997e-06]  [2638 -1 86]
 ST 198-1  1.003e+03  [0 1.000e+00 2.191e+00 9.981e-06]  [1589 0 42]
 ST 198-2  1.004e+03  [-56 1.547e-03 3.390e-03 9.989e-06]  [2097 0 83]
 ST 198-3s 1.005e+03  [-118 1.141e-06 2.499e-06 9.971e-06]  [2510 0 84]
 ST 199-1  1.008e+03  [0 1.000e+00 2.387e+00 9.991e-06]  [1886 -1 22]
 ST 199-2  1.010e+03  [-64 6.021e-04 1.437e-03 9.997e-06]  [2611 0 85]
 ST 199-3s 1.011e+03  [-120 9.981e-07 2.382e-06 9.995e-06]  [2303 0 84]
 ST 200-1  1.013e+03  [0 1.000e+00 2.065e+00 9.974e-06]  [2758 0 58]
 ST 200-2  1.014e+03  [-8 3.784e-01 7.813e-01 9.973e-06]  [1036 -1 68]
 ST 200-3  1.015e+03  [-99 1.041e-05 2.149e-05 9.981e-06]  [3203 -1 86]
 ST 200-4s 1.016e+03  [-154 1.815e-08 3.746e-08 2.463e-05]  [1845 0 75]
