---------------------------------------------------------------------
 Eq     N-i     T       dB  Ri/R1   Ri/R0    R/Ri     lsIt   dB  %t
---------------------------------------------------------------------
 ST 1-1  6.626e+00  [0 1.000e+00 1.000e+00 9.996e-06]  [7264 0 93]
 ST 1-2  9.935e+00  [-4 5.780e-01 5.780e-01 9.992e-06]  [3401 0 86]
 ST 1-3  1.856e+01  [-92 2.274e-05 2.274e-05 9.995e-06]  [10081 0 94]
 ST 1-4s 2.351e+01  [-141 8.821e-08 8.821e-08 1.802e-05]  [5552 0 90]
 ST 2-1  2.990e+01  [0 1.000e+00 3.586e+00 9.991e-06]  [5688 0 72]
 ST 2-2  3.408e+01  [-16 1.439e-01 5.161e-01 9.988e-06]  [4607 0 89]
 ST 2-3  4.105e+01  [-85 5.481e-05 1.965e-04 9.991e-06]  [8080 0 93]
 ST 2-4s 4.672e+01  [-123 6.944e-07 2.490e-06 9.989e-06]  [6461 0 92]
 ST 3-1  5.140e+01  [0 1.000e+00 1.616e+01 9.999e-06]  [3607 -1 62]
 ST 3-2  5.610e+01  [-42 7.372e-03 1.191e-01 1.000e-05]  [5266 0 90]
 ST 3-3  6.182e+01  [-85 5.520e-05 8.919e-04 9.993e-06]  [6515 0 92]
 ST 3-4s 6.736e+01  [-120 9.764e-07 1.578e-05 9.993e-06]  [6222 -1 91]
 ST 4-1  7.168e+01  [0 1.000e+00 1.921e+01 9.998e-06]  [3107 -1 59]
 ST 4-2  7.562e+01  [-46 4.851e-03 9.317e-02 9.986e-06]  [4270 0 88]
 ST 4-3  8.158e+01  [-91 2.728e-05 5.239e-04 9.996e-06]  [6683 0 92]
 ST 4-4s 8.645e+01  [-127 4.432e-07 8.514e-06 9.994e-06]  [5370 0 90]
 ST 5-1  9.141e+01  [0 1.000e+00 1.371e+01 9.996e-06]  [3894 0 65]
 ST 5-2  9.427e+01  [-25 5.566e-02 7.633e-01 9.993e-06]  [2873 0 84]
 ST 5-3  1.008e+02  [-84 5.689e-05 7.802e-04 9.991e-06]  [7416 0 93]
 ST 5-4s 1.057e+02  [-130 2.996e-07 4.109e-06 9.992e-06]  [5311 0 90]
 ST 6-1  1.117e+02  [0 1.000e+00 5.289e+00 9.986e-06]  [5206 0 70]
 ST 6-2  1.147e+02  [-20 9.692e-02 5.126e-01 9.991e-06]  [3207 -1 85]
 ST 6-3  1.198e+02  [-83 6.677e-05 3.532e-04 9.991e-06]  [5726 0 91]
 ST 6-4s 1.259e+02  [-143 6.710e-08 3.549e-07 9.993e-06]  [6977 0 92]
 ST 7-1  1.327e+02  [0 1.000e+00 1.911e+00 9.996e-06]  [6160 0 74]
 ST 7-2  1.352e+02  [-33 2.015e-02 3.851e-02 9.993e-06]  [2614 0 82]
 ST 7-3s 1.417e+02  [-105 5.185e-06 9.907e-06 9.997e-06]  [7480 0 93]
 ST 8-1  1.476e+02  [0 1.000e+00 1.318e+00 9.991e-06]  [5070 0 70]
 ST 8-2  1.509e+02  [-21 8.596e-02 1.133e-01 9.990e-06]  [3476 0 86]
 ST 8-3  1.572e+02  [-88 3.748e-05 4.942e-05 9.999e-06]  [7142 0 93]
 ST 8-4s 1.629e+02  [-142 7.743e-08 1.021e-07 1.557e-05]  [6354 0 92]
 ST 9-1  1.693e+02  [0 1.000e+00 1.638e+00 9.996e-06]  [5683 0 73]
 ST 9-2  1.739e+02  [-40 9.775e-03 1.601e-02 9.992e-06]  [5039 0 90]
 ST 9-3s 1.804e+02  [-108 3.751e-06 6.145e-06 9.997e-06]  [7156 0 93]
 ST 10-1  1.863e+02  [0 1.000e+00 2.095e+00 9.981e-06]  [4992 -1 70]
 ST 10-2  1.901e+02  [-31 2.740e-02 5.739e-02 9.997e-06]  [3977 -1 87]
 ST 10-3s 1.967e+02  [-106 4.600e-06 9.636e-06 9.994e-06]  [7537 0 93]
 ST 11-1  2.034e+02  [0 1.000e+00 8.265e-01 9.991e-06]  [6183 0 74]
 ST 11-2  2.080e+02  [-37 1.349e-02 1.115e-02 9.991e-06]  [5122 0 90]
 ST 11-3s 2.152e+02  [-116 1.465e-06 1.211e-06 9.998e-06]  [8269 0 93]
 ST 12-1  2.219e+02  [0 1.000e+00 5.910e-01 9.989e-06]  [6206 0 74]
 ST 12-2  2.252e+02  [-31 2.787e-02 1.647e-02 9.999e-06]  [3501 0 86]
 ST 12-3s 2.320e+02  [-107 4.185e-06 2.473e-06 9.998e-06]  [7874 0 93]
 ST 13-1  2.394e+02  [0 1.000e+00 4.530e-01 9.990e-06]  [6870 0 76]
 ST 13-2  2.434e+02  [-40 9.020e-03 4.086e-03 9.995e-06]  [4386 -1 88]
 ST 13-3s 2.505e+02  [-119 1.012e-06 4.585e-07 9.998e-06]  [8085 0 93]
 ST 14-1  2.553e+02  [0 1.000e+00 7.033e-01 9.988e-06]  [3659 0 63]
 ST 14-2  2.598e+02  [-41 8.772e-03 6.169e-03 9.994e-06]  [4812 0 89]
 ST 14-3s 2.669e+02  [-116 1.504e-06 1.058e-06 9.997e-06]  [8049 0 93]
 ST 15-1  2.749e+02  [0 1.000e+00 2.786e-01 9.995e-06]  [7608 0 78]
 ST 15-2  2.786e+02  [-44 5.929e-03 1.652e-03 9.989e-06]  [3909 0 87]
 ST 15-3s 2.857e+02  [-124 5.753e-07 1.603e-07 9.994e-06]  [8266 0 93]
 ST 16-1  2.932e+02  [0 1.000e+00 3.079e-01 9.993e-06]  [7088 -1 76]
 ST 16-2  2.974e+02  [-49 3.306e-03 1.018e-03 9.996e-06]  [4605 0 89]
 ST 16-3s 3.040e+02  [-124 6.268e-07 1.930e-07 9.994e-06]  [7640 0 93]
 ST 17-1  3.111e+02  [0 1.000e+00 2.657e-01 9.993e-06]  [6596 0 75]
 ST 17-2  3.158e+02  [-41 8.797e-03 2.338e-03 9.991e-06]  [5227 0 90]
 ST 17-3s 3.231e+02  [-124 6.298e-07 1.674e-07 9.991e-06]  [8533 0 94]
 ST 18-1  3.302e+02  [0 1.000e+00 2.649e-01 9.999e-06]  [6541 0 75]
 ST 18-2  3.356e+02  [-55 1.750e-03 4.636e-04 9.997e-06]  [5972 0 91]
 ST 18-3s 3.420e+02  [-133 2.133e-07 5.652e-08 2.810e-05]  [7095 0 93]
 ST 19-1  3.495e+02  [0 1.000e+00 1.774e-01 1.000e-05]  [7099 0 77]
 ST 19-2  3.544e+02  [-53 2.072e-03 3.675e-04 9.998e-06]  [5401 -1 90]
 ST 19-3s 3.604e+02  [-131 2.759e-07 4.895e-08 3.247e-05]  [6753 0 92]
 ST 20-1  3.674e+02  [0 1.000e+00 2.298e-01 9.979e-06]  [6222 -1 72]
 ST 20-2  3.725e+02  [-52 2.310e-03 5.308e-04 9.988e-06]  [5795 0 91]
 ST 20-3s 3.784e+02  [-135 1.655e-07 3.802e-08 4.180e-05]  [6708 0 92]
 ST 21-1  3.853e+02  [0 1.000e+00 2.099e-01 9.992e-06]  [6246 0 74]
 ST 21-2  3.902e+02  [-51 2.749e-03 5.769e-04 9.994e-06]  [5508 -1 90]
 ST 21-3s 3.963e+02  [-136 1.453e-07 3.049e-08 5.212e-05]  [7023 0 92]
 ST 22-1  4.041e+02  [0 1.000e+00 1.669e-01 9.997e-06]  [7186 -1 75]
 ST 22-2  4.099e+02  [-63 6.410e-04 1.070e-04 9.988e-06]  [6649 0 92]
 ST 22-3s 4.150e+02  [-143 6.865e-08 1.146e-08 1.387e-04]  [5717 0 91]
 ST 23-1  4.213e+02  [0 1.000e+00 1.496e-01 9.999e-06]  [5423 0 70]
 ST 23-2  4.275e+02  [-67 4.219e-04 6.313e-05 9.997e-06]  [6955 0 92]
 ST 23-3s 4.327e+02  [-145 5.435e-08 8.132e-09 1.955e-04]  [5715 0 91]
 ST 24-1  4.397e+02  [0 1.000e+00 1.422e-01 9.995e-06]  [6272 -1 75]
 ST 24-2  4.448e+02  [-53 2.053e-03 2.919e-04 9.998e-06]  [5765 0 91]
 ST 24-3s 4.506e+02  [-138 1.126e-07 1.601e-08 9.932e-05]  [6605 0 92]
 ST 25-1  4.584e+02  [0 1.000e+00 1.215e-01 9.995e-06]  [7558 0 77]
 ST 25-2  4.635e+02  [-55 1.658e-03 2.015e-04 9.984e-06]  [5818 0 91]
 ST 25-3s 4.690e+02  [-140 9.500e-08 1.154e-08 1.377e-04]  [6169 -1 91]
 ST 26-1  4.764e+02  [0 1.000e+00 1.245e-01 9.997e-06]  [7114 0 76]
 ST 26-2  4.822e+02  [-64 5.969e-04 7.431e-05 9.997e-06]  [6581 0 92]
 ST 26-3s 4.872e+02  [-146 4.510e-08 5.615e-09 2.833e-04]  [5647 0 91]
 ST 27-1  4.934e+02  [0 1.000e+00 1.391e-01 9.991e-06]  [5529 0 71]
 ST 27-2  5.000e+02  [-72 2.410e-04 3.353e-05 9.996e-06]  [7614 0 93]
 ST 27-3s 5.048e+02  [-150 3.049e-08 4.242e-09 3.747e-04]  [5318 0 90]
 ST 28-1  5.119e+02  [0 1.000e+00 1.391e-01 9.992e-06]  [6364 -1 74]
 ST 28-2  5.177e+02  [-63 6.485e-04 9.017e-05 9.998e-06]  [6552 0 92]
 ST 28-3s 5.228e+02  [-148 3.948e-08 5.489e-09 2.894e-04]  [5753 0 91]
 ST 29-1  5.303e+02  [0 1.000e+00 1.349e-01 9.992e-06]  [7009 0 76]
 ST 29-2  5.359e+02  [-61 8.172e-04 1.103e-04 9.995e-06]  [6364 0 92]
 ST 29-3s 5.410e+02  [-147 3.982e-08 5.372e-09 2.959e-04]  [5852 0 91]
 ST 30-1  5.477e+02  [0 1.000e+00 1.291e-01 9.996e-06]  [6159 -1 74]
 ST 30-2  5.538e+02  [-68 3.637e-04 4.694e-05 9.995e-06]  [6919 0 92]
 ST 30-3s 5.585e+02  [-151 2.607e-08 3.365e-09 4.723e-04]  [5339 0 90]
 ST 31-1  5.648e+02  [0 1.000e+00 1.171e-01 9.999e-06]  [5562 0 71]
 ST 31-2  5.712e+02  [-73 2.214e-04 2.591e-05 9.997e-06]  [7427 0 93]
 ST 31-3s 5.756e+02  [-151 2.725e-08 3.189e-09 4.983e-04]  [4928 0 89]
 ST 32-1  5.825e+02  [0 1.000e+00 1.078e-01 9.998e-06]  [6442 0 75]
 ST 32-2  5.881e+02  [-62 7.173e-04 7.733e-05 9.995e-06]  [6258 0 91]
 ST 32-3s 5.930e+02  [-148 3.829e-08 4.127e-09 3.854e-04]  [5452 -1 90]
 ST 33-1  6.003e+02  [0 1.000e+00 1.068e-01 9.987e-06]  [6739 0 76]
 ST 33-2  6.060e+02  [-63 6.319e-04 6.747e-05 9.995e-06]  [6412 0 92]
 ST 33-3s 6.110e+02  [-149 3.480e-08 3.716e-09 4.280e-04]  [5526 0 91]
 ST 34-1  6.175e+02  [0 1.000e+00 1.094e-01 9.988e-06]  [5831 0 73]
 ST 34-2  6.248e+02  [-77 1.280e-04 1.400e-05 9.993e-06]  [8550 0 94]
 ST 34-3s 6.290e+02  [-155 1.738e-08 1.902e-09 8.363e-04]  [4607 0 89]
 ST 35-1  6.358e+02  [0 1.000e+00 1.132e-01 9.986e-06]  [6231 0 74]
 ST 35-2  6.422e+02  [-73 2.113e-04 2.393e-05 1.000e-05]  [7444 -1 93]
 ST 35-3s 6.468e+02  [-155 1.646e-08 1.864e-09 8.526e-04]  [5037 0 90]
 ST 36-1  6.535e+02  [0 1.000e+00 1.141e-01 9.995e-06]  [6156 -1 73]
 ST 36-2  6.595e+02  [-67 4.088e-04 4.664e-05 9.994e-06]  [6851 0 92]
 ST 36-3s 6.644e+02  [-153 2.015e-08 2.298e-09 6.918e-04]  [5574 0 90]
 ST 37-1  6.711e+02  [0 1.000e+00 1.095e-01 9.988e-06]  [6018 -1 73]
 ST 37-2  6.778e+02  [-72 2.308e-04 2.528e-05 9.994e-06]  [7551 0 93]
 ST 37-3s 6.825e+02  [-156 1.491e-08 1.633e-09 9.739e-04]  [5070 0 90]
 ST 38-1  6.888e+02  [0 1.000e+00 1.019e-01 9.991e-06]  [5401 0 71]
 ST 38-2  6.968e+02  [-81 8.430e-05 8.590e-06 9.998e-06]  [9174 0 94]
 ST 38-3s 7.006e+02  [-155 1.653e-08 1.684e-09 9.438e-04]  [4121 0 88]
 ST 39-1  7.074e+02  [0 1.000e+00 9.645e-02 9.985e-06]  [6231 0 74]
 ST 39-2  7.137e+02  [-71 2.708e-04 2.612e-05 9.991e-06]  [7333 0 93]
 ST 39-3s 7.183e+02  [-154 1.814e-08 1.750e-09 9.090e-04]  [5118 0 90]
 ST 40-1  7.254e+02  [0 1.000e+00 9.508e-02 9.992e-06]  [6585 0 75]
 ST 40-2  7.318e+02  [-72 2.301e-04 2.188e-05 9.999e-06]  [7364 0 93]
 ST 40-3s 7.362e+02  [-155 1.644e-08 1.563e-09 1.017e-03]  [4920 0 89]
 ST 41-1  7.426e+02  [0 1.000e+00 9.755e-02 9.990e-06]  [5720 0 72]
 ST 41-2  7.505e+02  [-88 3.978e-05 3.881e-06 1.000e-05]  [9221 0 94]
 ST 41-3s 7.537e+02  [-157 1.328e-08 1.295e-09 1.228e-03]  [3461 0 85]
 ST 42-1  7.605e+02  [0 1.000e+00 1.014e-01 9.996e-06]  [6168 -1 74]
 ST 42-2  7.674e+02  [-82 7.147e-05 7.248e-06 9.999e-06]  [7733 0 93]
 ST 42-3s 7.711e+02  [-158 1.165e-08 1.182e-09 1.345e-03]  [3960 0 87]
 ST 43-1  7.780e+02  [0 1.000e+00 1.031e-01 9.996e-06]  [6154 0 74]
 ST 43-2  7.850e+02  [-78 1.207e-04 1.245e-05 9.998e-06]  [7886 0 93]
 ST 43-3s 7.891e+02  [-157 1.359e-08 1.401e-09 1.135e-03]  [4499 0 88]
 ST 44-1  7.955e+02  [0 1.000e+00 1.017e-01 9.988e-06]  [5807 0 73]
 ST 44-2  8.033e+02  [-89 3.223e-05 3.277e-06 9.998e-06]  [9137 0 94]
 ST 44-3s 8.064e+02  [-157 1.274e-08 1.296e-09 1.228e-03]  [3272 0 85]
 ST 45-1  8.130e+02  [0 1.000e+00 1.030e-01 9.996e-06]  [6082 0 74]
 ST 45-2  8.211e+02  [-85 5.093e-05 5.248e-06 9.990e-06]  [9508 0 94]
 ST 45-3s 8.246e+02  [-157 1.324e-08 1.364e-09 1.165e-03]  [3711 0 86]
 ST 46-1  8.313e+02  [0 1.000e+00 9.947e-02 9.989e-06]  [6215 0 74]
 ST 46-2  8.389e+02  [-80 9.602e-05 9.552e-06 9.995e-06]  [8877 0 94]
 ST 46-3s 8.427e+02  [-158 1.243e-08 1.237e-09 1.286e-03]  [4214 0 88]
 ST 47-1  8.493e+02  [0 1.000e+00 1.046e-01 9.999e-06]  [5853 0 73]
 ST 47-2  8.575e+02  [-87 4.078e-05 4.266e-06 9.998e-06]  [9557 0 94]
 ST 47-3s 8.608e+02  [-158 1.186e-08 1.241e-09 1.281e-03]  [3458 0 86]
 ST 48-1  8.668e+02  [0 1.000e+00 1.092e-01 9.996e-06]  [5192 0 71]
 ST 48-2  8.751e+02  [-93 2.051e-05 2.239e-06 9.997e-06]  [9674 0 94]
 ST 48-3s 8.780e+02  [-157 1.370e-08 1.496e-09 1.062e-03]  [3034 0 84]
 ST 49-1  8.843e+02  [0 1.000e+00 1.138e-01 9.995e-06]  [5614 0 72]
 ST 49-2  8.920e+02  [-86 4.815e-05 5.480e-06 1.000e-05]  [8985 0 94]
 ST 49-3s 8.955e+02  [-158 1.203e-08 1.369e-09 1.161e-03]  [3750 0 86]
 ST 50-1  9.019e+02  [0 1.000e+00 1.166e-01 1.000e-05]  [5819 0 73]
 ST 50-2  9.102e+02  [-91 2.716e-05 3.166e-06 9.996e-06]  [9648 0 94]
 ST 50-3s 9.134e+02  [-157 1.307e-08 1.524e-09 1.043e-03]  [3298 0 85]
 ST 51-1  9.195e+02  [0 1.000e+00 1.191e-01 9.999e-06]  [5445 0 71]
 ST 51-2  9.272e+02  [-95 1.628e-05 1.938e-06 9.997e-06]  [8971 -1 94]
 ST 51-3s 9.301e+02  [-157 1.329e-08 1.582e-09 1.005e-03]  [2912 0 83]
 ST 52-1  9.367e+02  [0 1.000e+00 1.201e-01 9.987e-06]  [5927 0 73]
 ST 52-2  9.452e+02  [-87 4.368e-05 5.247e-06 9.992e-06]  [9915 0 95]
 ST 52-3s 9.488e+02  [-157 1.276e-08 1.533e-09 1.037e-03]  [3762 0 87]
 ST 53-1  9.555e+02  [0 1.000e+00 1.238e-01 9.996e-06]  [5973 0 74]
 ST 53-2  9.641e+02  [-86 4.737e-05 5.863e-06 9.991e-06]  [10006 0 95]
 ST 53-3s 9.677e+02  [-157 1.322e-08 1.636e-09 9.716e-04]  [3887 0 87]
 ST 54-1  9.740e+02  [0 1.000e+00 1.310e-01 9.999e-06]  [5517 0 72]
 ST 54-2  9.828e+02  [-90 2.981e-05 3.904e-06 9.998e-06]  [10306 0 95]
 ST 54-3s 9.862e+02  [-156 1.457e-08 1.908e-09 8.335e-04]  [3556 0 86]
 ST 55-1  9.922e+02  [0 1.000e+00 1.383e-01 9.997e-06]  [5273 0 71]
 ST 55-2  1.001e+03  [-86 4.484e-05 6.201e-06 9.994e-06]  [9955 0 94]
 ST 55-3s 1.004e+03  [-156 1.440e-08 1.991e-09 7.986e-04]  [3966 0 87]
 ST 56-1  1.010e+03  [0 1.000e+00 1.457e-01 9.998e-06]  [5237 0 71]
 ST 56-2  1.019e+03  [-86 4.539e-05 6.613e-06 9.991e-06]  [10267 0 95]
 ST 56-3s 1.023e+03  [-156 1.531e-08 2.230e-09 7.134e-04]  [4051 0 87]
 ST 57-1  1.029e+03  [0 1.000e+00 1.533e-01 9.991e-06]  [5552 0 72]
 ST 57-2  1.038e+03  [-84 5.703e-05 8.744e-06 9.992e-06]  [10118 0 95]
 ST 57-3s 1.042e+03  [-156 1.498e-08 2.297e-09 6.923e-04]  [4316 0 88]
 ST 58-1  1.049e+03  [0 1.000e+00 1.627e-01 9.997e-06]  [5724 0 71]
 ST 58-2  1.057e+03  [-82 7.722e-05 1.257e-05 9.999e-06]  [9874 0 94]
 ST 58-3s 1.061e+03  [-156 1.482e-08 2.411e-09 6.595e-04]  [4672 0 89]
 ST 59-1  1.068e+03  [0 1.000e+00 1.742e-01 9.991e-06]  [5680 0 72]
 ST 59-2  1.076e+03  [-83 6.714e-05 1.169e-05 1.000e-05]  [10067 0 95]
 ST 59-3s 1.081e+03  [-156 1.542e-08 2.687e-09 5.918e-04]  [4626 0 89]
 ST 60-1  1.087e+03  [0 1.000e+00 1.880e-01 9.993e-06]  [5442 0 71]
 ST 60-2  1.096e+03  [-86 4.966e-05 9.334e-06 9.994e-06]  [10369 0 95]
 ST 60-3s 1.100e+03  [-155 1.614e-08 3.033e-09 5.242e-04]  [4445 0 88]
 ST 61-1  1.106e+03  [0 1.000e+00 2.016e-01 9.997e-06]  [5069 0 70]
 ST 61-2  1.115e+03  [-86 4.761e-05 9.597e-06 9.997e-06]  [10380 0 95]
 ST 61-3s 1.119e+03  [-155 1.668e-08 3.362e-09 4.729e-04]  [4499 0 89]
 ST 62-1  1.124e+03  [0 1.000e+00 2.158e-01 9.997e-06]  [4804 0 69]
 ST 62-2  1.132e+03  [-86 4.486e-05 9.680e-06 9.994e-06]  [9364 0 94]
 ST 62-3s 1.137e+03  [-155 1.673e-08 3.610e-09 4.405e-04]  [4516 0 89]
 ST 63-1  1.143e+03  [0 1.000e+00 2.305e-01 9.992e-06]  [5134 0 70]
 ST 63-2  1.151e+03  [-86 4.871e-05 1.123e-05 9.991e-06]  [9411 0 94]
 ST 63-3s 1.155e+03  [-155 1.624e-08 3.743e-09 4.247e-04]  [4689 0 89]
 ST 64-1  1.161e+03  [0 1.000e+00 2.502e-01 9.993e-06]  [5339 0 71]
 ST 64-2  1.168e+03  [-91 2.664e-05 6.666e-06 9.990e-06]  [7942 0 93]
 ST 64-3s 1.172e+03  [-155 1.629e-08 4.075e-09 3.902e-04]  [4267 0 88]
 ST 65-1  1.178e+03  [0 1.000e+00 2.673e-01 9.995e-06]  [5396 0 71]
 ST 65-2  1.186e+03  [-95 1.654e-05 4.421e-06 9.983e-06]  [9071 0 94]
 ST 65-3s 1.189e+03  [-155 1.660e-08 4.438e-09 3.583e-04]  [3974 0 87]
 ST 66-1  1.196e+03  [0 1.000e+00 2.825e-01 9.998e-06]  [5268 0 71]
 ST 66-2  1.205e+03  [-95 1.655e-05 4.676e-06 9.997e-06]  [10321 0 95]
 ST 66-3s 1.208e+03  [-155 1.689e-08 4.771e-09 3.332e-04]  [4048 0 87]
 ST 67-1  1.214e+03  [0 1.000e+00 2.963e-01 9.997e-06]  [4748 0 68]
 ST 67-2  1.223e+03  [-94 1.810e-05 5.363e-06 9.990e-06]  [10178 0 95]
 ST 67-3s 1.227e+03  [-155 1.708e-08 5.061e-09 3.142e-04]  [4154 0 88]
 ST 68-1  1.232e+03  [0 1.000e+00 3.074e-01 9.995e-06]  [4544 0 67]
 ST 68-2  1.241e+03  [-93 2.071e-05 6.366e-06 9.996e-06]  [10305 0 95]
 ST 68-3s 1.245e+03  [-155 1.672e-08 5.139e-09 3.094e-04]  [4290 0 88]
 ST 69-1  1.251e+03  [0 1.000e+00 3.181e-01 9.994e-06]  [4886 0 69]
 ST 69-2  1.258e+03  [-91 2.594e-05 8.252e-06 9.996e-06]  [8667 -1 94]
 ST 69-3s 1.262e+03  [-155 1.675e-08 5.330e-09 2.983e-04]  [4550 0 89]
 ST 70-1  1.268e+03  [0 1.000e+00 3.280e-01 9.999e-06]  [5056 0 69]
 ST 70-2  1.276e+03  [-90 3.143e-05 1.031e-05 9.998e-06]  [8585 0 94]
 ST 70-3s 1.280e+03  [-155 1.661e-08 5.449e-09 2.918e-04]  [4816 0 89]
 ST 71-1  1.286e+03  [0 1.000e+00 3.343e-01 9.995e-06]  [5304 0 71]
 ST 71-2  1.293e+03  [-90 2.910e-05 9.729e-06 9.996e-06]  [8427 0 94]
 ST 71-3s 1.298e+03  [-155 1.643e-08 5.493e-09 2.896e-04]  [4804 0 89]
 ST 72-1  1.304e+03  [0 1.000e+00 3.413e-01 9.992e-06]  [5153 0 71]
 ST 72-2  1.312e+03  [-91 2.663e-05 9.088e-06 9.995e-06]  [9613 0 94]
 ST 72-3s 1.316e+03  [-155 1.650e-08 5.632e-09 2.824e-04]  [4756 0 89]
 ST 73-1  1.322e+03  [0 1.000e+00 3.466e-01 9.990e-06]  [4692 0 68]
 ST 73-2  1.329e+03  [-93 2.044e-05 7.084e-06 9.988e-06]  [8081 0 93]
 ST 73-3s 1.333e+03  [-155 1.646e-08 5.705e-09 2.786e-04]  [4544 0 89]
 ST 74-1  1.338e+03  [0 1.000e+00 3.654e-01 9.994e-06]  [4676 0 67]
 ST 74-2  1.347e+03  [-85 5.222e-05 1.908e-05 9.998e-06]  [10025 0 94]
 ST 74-3s 1.352e+03  [-155 1.664e-08 6.082e-09 2.614e-04]  [5449 0 90]
 ST 75-1  1.358e+03  [0 1.000e+00 3.555e-01 9.998e-06]  [5243 0 70]
 ST 75-2  1.367e+03  [-95 1.608e-05 5.714e-06 9.988e-06]  [11433 0 95]
 ST 75-3s 1.372e+03  [-155 1.642e-08 5.838e-09 2.724e-04]  [4447 0 88]
 ST 76-1  1.378e+03  [0 1.000e+00 3.829e-01 9.993e-06]  [5184 0 70]
 ST 76-2  1.386e+03  [-88 3.895e-05 1.491e-05 9.994e-06]  [9273 0 94]
 ST 76-3s 1.390e+03  [-155 1.636e-08 6.264e-09 2.538e-04]  [5303 0 90]
 ST 77-1  1.396e+03  [0 1.000e+00 3.770e-01 9.996e-06]  [5255 0 71]
 ST 77-2  1.405e+03  [-93 2.166e-05 8.167e-06 9.998e-06]  [10167 0 95]
 ST 77-3s 1.409e+03  [-155 1.619e-08 6.103e-09 2.605e-04]  [4813 0 89]
 ST 78-1  1.415e+03  [0 1.000e+00 3.975e-01 9.995e-06]  [4644 0 67]
 ST 78-2  1.423e+03  [-89 3.527e-05 1.402e-05 9.989e-06]  [9369 0 94]
 ST 78-3s 1.428e+03  [-155 1.616e-08 6.425e-09 2.475e-04]  [5287 0 90]
 ST 79-1  1.433e+03  [0 1.000e+00 4.022e-01 9.999e-06]  [4697 0 68]
 ST 79-2  1.442e+03  [-85 5.039e-05 2.027e-05 9.994e-06]  [10376 0 95]
 ST 79-3s 1.447e+03  [-155 1.617e-08 6.502e-09 2.446e-04]  [5669 0 91]
 ST 80-1  1.453e+03  [0 1.000e+00 4.101e-01 9.998e-06]  [5214 0 70]
 ST 80-2  1.462e+03  [-86 4.942e-05 2.026e-05 1.000e-05]  [10035 0 94]
 ST 80-3s 1.467e+03  [-155 1.600e-08 6.562e-09 2.423e-04]  [5756 0 91]
 ST 81-1  1.473e+03  [0 1.000e+00 4.158e-01 9.997e-06]  [5307 0 71]
 ST 81-2  1.482e+03  [-83 6.919e-05 2.877e-05 9.998e-06]  [10896 0 95]
 ST 81-3s 1.488e+03  [-156 1.559e-08 6.482e-09 2.453e-04]  [6166 0 92]
 ST 82-1  1.494e+03  [0 1.000e+00 4.179e-01 9.989e-06]  [5197 0 69]
 ST 82-2  1.503e+03  [-82 7.115e-05 2.974e-05 9.993e-06]  [10997 0 95]
 ST 82-3s 1.509e+03  [-156 1.552e-08 6.485e-09 2.452e-04]  [6247 0 91]
 ST 83-1  1.514e+03  [0 1.000e+00 4.209e-01 9.999e-06]  [4732 0 68]
 ST 83-2  1.524e+03  [-81 8.315e-05 3.500e-05 9.991e-06]  [11021 0 95]
 ST 83-3s 1.530e+03  [-156 1.560e-08 6.568e-09 2.422e-04]  [6458 0 92]
 ST 84-1  1.535e+03  [0 1.000e+00 4.243e-01 1.000e-05]  [4913 0 68]
 ST 84-2  1.545e+03  [-79 1.107e-04 4.696e-05 9.998e-06]  [10949 0 95]
 ST 84-3s 1.551e+03  [-156 1.535e-08 6.513e-09 2.442e-04]  [6853 0 92]
 ST 85-1  1.557e+03  [0 1.000e+00 4.330e-01 9.993e-06]  [5535 0 72]
 ST 85-2  1.566e+03  [-73 2.199e-04 9.521e-05 9.994e-06]  [10235 0 95]
 ST 85-3s 1.573e+03  [-156 1.516e-08 6.566e-09 2.422e-04]  [7730 0 93]
 ST 86-1  1.579e+03  [0 1.000e+00 4.209e-01 9.995e-06]  [5684 0 72]
 ST 86-2  1.588e+03  [-71 2.601e-04 1.095e-04 9.999e-06]  [10106 0 95]
 ST 86-3s 1.595e+03  [-156 1.481e-08 6.233e-09 2.550e-04]  [7780 0 93]
 ST 87-1  1.601e+03  [0 1.000e+00 4.159e-01 9.997e-06]  [5296 0 70]
 ST 87-2  1.609e+03  [-68 3.595e-04 1.495e-04 9.996e-06]  [9641 0 94]
 ST 87-3s 1.616e+03  [-156 1.468e-08 6.104e-09 2.605e-04]  [7658 0 93]
 ST 88-1  1.622e+03  [0 1.000e+00 3.908e-01 9.999e-06]  [5035 0 69]
 ST 88-2  1.630e+03  [-69 3.521e-04 1.376e-04 9.997e-06]  [9776 0 94]
 ST 88-3s 1.637e+03  [-156 1.417e-08 5.539e-09 2.871e-04]  [7588 0 93]
 ST 89-1  1.644e+03  [0 1.000e+00 2.646e-01 9.997e-06]  [6167 0 74]
 ST 89-2  1.652e+03  [-60 9.186e-04 2.431e-04 9.994e-06]  [8765 0 94]
 ST 89-3s 1.658e+03  [-153 2.021e-08 5.348e-09 2.974e-04]  [6962 0 92]
 ST 90-1  1.665e+03  [0 1.000e+00 2.820e-01 9.995e-06]  [6409 0 75]
 ST 90-2  1.671e+03  [-44 6.244e-03 1.760e-03 9.993e-06]  [6417 0 92]
 ST 90-3s 1.678e+03  [-140 9.583e-08 2.702e-08 5.880e-05]  [8784 0 94]
 ST 91-1  1.685e+03  [0 1.000e+00 4.044e-01 9.995e-06]  [5725 0 72]
 ST 91-2  1.690e+03  [-43 6.740e-03 2.726e-03 9.995e-06]  [6416 0 92]
 ST 91-3s 1.698e+03  [-139 1.082e-07 4.376e-08 3.633e-05]  [9263 0 94]
 ST 92-1  1.704e+03  [0 1.000e+00 5.933e-01 9.996e-06]  [4710 0 69]
 ST 92-2  1.710e+03  [-43 6.456e-03 3.831e-03 9.996e-06]  [6513 0 92]
 ST 92-3s 1.718e+03  [-138 1.150e-07 6.825e-08 2.330e-05]  [9204 0 94]
 ST 93-1  1.723e+03  [0 1.000e+00 1.407e+00 9.994e-06]  [4253 0 66]
 ST 93-2  1.730e+03  [-53 2.153e-03 3.030e-03 9.994e-06]  [8047 0 93]
 ST 93-3s 1.738e+03  [-148 3.732e-08 5.252e-08 3.025e-05]  [9066 0 94]
 ST 94-1  1.744e+03  [0 1.000e+00 1.184e+00 9.992e-06]  [4929 0 69]
 ST 94-2  1.749e+03  [-42 7.651e-03 9.061e-03 9.994e-06]  [6514 0 92]
 ST 94-3s 1.761e+03  [-140 9.961e-08 1.180e-07 1.347e-05]  [13344 0 96]
 ST 95-1  1.767e+03  [0 1.000e+00 4.294e-01 9.999e-06]  [5938 0 73]
 ST 95-2  1.775e+03  [-62 7.315e-04 3.141e-04 9.995e-06]  [9340 0 94]
 ST 95-3s 1.783e+03  [-153 2.089e-08 8.972e-09 1.773e-04]  [9070 0 94]
 ST 96-1  1.789e+03  [0 1.000e+00 6.128e-01 9.996e-06]  [4746 0 68]
 ST 96-2  1.798e+03  [-65 5.424e-04 3.324e-04 9.995e-06]  [10174 0 95]
 ST 96-3s 1.806e+03  [-154 1.796e-08 1.101e-08 1.445e-04]  [9188 0 94]
 ST 97-1  1.812e+03  [0 1.000e+00 4.373e-01 9.996e-06]  [6190 0 74]
 ST 97-2  1.819e+03  [-44 5.948e-03 2.601e-03 9.992e-06]  [7026 0 92]
 ST 97-3s 1.828e+03  [-141 8.339e-08 3.647e-08 4.360e-05]  [10995 0 95]
 ST 98-1  1.835e+03  [0 1.000e+00 8.096e-01 9.994e-06]  [5638 0 73]
 ST 98-2  1.842e+03  [-53 2.088e-03 1.690e-03 9.997e-06]  [8638 0 94]
 ST 98-3s 1.850e+03  [-147 4.323e-08 3.500e-08 4.541e-05]  [9503 0 94]
 ST 99-1  1.855e+03  [0 1.000e+00 1.980e+00 9.992e-06]  [4005 0 65]
 ST 99-2  1.861e+03  [-38 1.219e-02 2.414e-02 9.999e-06]  [6301 0 92]
 ST 99-3s 1.874e+03  [-134 1.953e-07 3.868e-07 9.996e-06]  [15575 0 96]
 ST 100-1  1.880e+03  [0 1.000e+00 1.046e+00 9.993e-06]  [4592 0 68]
 ST 100-2  1.885e+03  [-34 1.933e-02 2.022e-02 9.996e-06]  [5655 0 91]
 ST 100-3s 1.897e+03  [-132 2.408e-07 2.518e-07 9.994e-06]  [14931 0 96]
 ST 101-1  1.905e+03  [0 1.000e+00 2.963e-01 9.997e-06]  [7161 0 77]
 ST 101-2  1.913e+03  [-55 1.615e-03 4.785e-04 9.998e-06]  [9064 0 94]
 ST 101-3s 1.922e+03  [-154 1.893e-08 5.609e-09 2.835e-04]  [10679 0 95]
 ST 102-1  1.930e+03  [0 1.000e+00 2.666e-01 9.993e-06]  [7186 0 77]
 ST 102-2  1.937e+03  [-45 5.037e-03 1.343e-03 9.994e-06]  [7614 0 93]
 ST 102-3s 1.947e+03  [-145 5.392e-08 1.437e-08 1.106e-04]  [12016 0 95]
 ST 103-1  1.954e+03  [0 1.000e+00 3.144e-01 9.993e-06]  [5870 0 73]
 ST 103-2  1.960e+03  [-41 8.064e-03 2.535e-03 9.996e-06]  [7022 0 92]
 ST 103-3s 1.971e+03  [-141 8.508e-08 2.675e-08 5.944e-05]  [13743 0 96]
 ST 104-1  1.979e+03  [0 1.000e+00 3.702e-01 9.994e-06]  [6551 0 75]
 ST 104-2  1.987e+03  [-57 1.391e-03 5.147e-04 9.994e-06]  [9577 0 94]
 ST 104-3s 1.996e+03  [-155 1.646e-08 6.094e-09 2.610e-04]  [10719 0 95]
 ST 105-1  2.004e+03  [0 1.000e+00 2.506e-01 9.996e-06]  [7495 0 78]
 ST 105-2  2.012e+03  [-49 3.242e-03 8.125e-04 9.999e-06]  [8499 0 94]
 ST 105-3s 2.019e+03  [-149 3.448e-08 8.643e-09 1.839e-04]  [9147 0 94]
 ST 106-1  2.026e+03  [0 1.000e+00 4.323e-01 9.997e-06]  [6178 0 74]
 ST 106-2  2.033e+03  [-46 4.616e-03 1.995e-03 9.996e-06]  [8004 0 93]
 ST 106-3s 2.045e+03  [-146 4.725e-08 2.043e-08 7.784e-05]  [13490 0 96]
 ST 107-1  2.051e+03  [0 1.000e+00 6.466e-01 9.996e-06]  [5172 0 71]
 ST 107-2  2.057e+03  [-37 1.347e-02 8.709e-03 9.996e-06]  [6503 0 92]
 ST 107-3s 2.070e+03  [-136 1.430e-07 9.247e-08 1.719e-05]  [15223 0 96]
 ST 108-1  2.076e+03  [0 1.000e+00 8.916e-01 9.999e-06]  [5545 0 72]
 ST 108-2  2.082e+03  [-35 1.741e-02 1.552e-02 9.995e-06]  [6153 0 91]
 ST 108-3s 2.092e+03  [-133 2.174e-07 1.938e-07 9.986e-06]  [11770 0 95]
 ST 109-1  2.097e+03  [0 1.000e+00 1.270e+00 1.000e-05]  [4736 0 69]
 ST 109-2  2.102e+03  [-33 2.197e-02 2.791e-02 9.994e-06]  [5747 0 91]
 ST 109-3s 2.115e+03  [-127 4.022e-07 5.109e-07 9.994e-06]  [14519 0 96]
 ST 110-1  2.120e+03  [0 1.000e+00 1.979e+00 9.992e-06]  [3632 0 63]
 ST 110-2  2.124e+03  [-32 2.351e-02 4.652e-02 9.999e-06]  [4233 0 88]
 ST 110-3s 2.135e+03  [-123 6.742e-07 1.334e-06 9.992e-06]  [12858 0 96]
 ST 111-1  2.139e+03  [0 1.000e+00 2.515e+00 9.991e-06]  [3804 0 63]
 ST 111-2  2.145e+03  [-40 9.441e-03 2.374e-02 9.996e-06]  [6535 0 92]
 ST 111-3s 2.156e+03  [-133 2.138e-07 5.376e-07 9.996e-06]  [12250 0 95]
 ST 112-1  2.161e+03  [0 1.000e+00 2.060e+00 9.997e-06]  [4102 0 65]
 ST 112-2  2.164e+03  [-21 8.006e-02 1.649e-01 9.999e-06]  [3373 0 85]
 ST 112-3s 2.175e+03  [-102 7.566e-06 1.559e-05 9.994e-06]  [12832 0 96]
 ST 113-1  2.180e+03  [0 1.000e+00 1.456e+00 9.989e-06]  [4323 -1 67]
 ST 113-2  2.185e+03  [-41 8.565e-03 1.247e-02 1.000e-05]  [6191 0 91]
 ST 113-3s 2.196e+03  [-135 1.753e-07 2.552e-07 9.995e-06]  [12975 0 96]
 ST 114-1  2.201e+03  [0 1.000e+00 1.865e+00 9.977e-06]  [3837 0 64]
 ST 114-2  2.206e+03  [-44 6.252e-03 1.166e-02 9.998e-06]  [5350 0 90]
 ST 114-3s 2.217e+03  [-140 9.862e-08 1.839e-07 9.995e-06]  [13056 0 96]
 ST 115-1  2.223e+03  [0 1.000e+00 1.051e+00 9.997e-06]  [4811 0 69]
 ST 115-2  2.227e+03  [-34 1.910e-02 2.008e-02 9.996e-06]  [5313 0 90]
 ST 115-3s 2.237e+03  [-127 3.986e-07 4.191e-07 9.994e-06]  [11293 0 95]
 ST 116-1  2.242e+03  [0 1.000e+00 1.864e+00 9.992e-06]  [3851 0 64]
 ST 116-2  2.249e+03  [-57 1.295e-03 2.413e-03 9.991e-06]  [8668 0 94]
 ST 116-3s 2.258e+03  [-150 3.093e-08 5.767e-08 2.756e-05]  [9580 0 94]
 ST 117-1  2.263e+03  [0 1.000e+00 1.017e+00 9.988e-06]  [4153 0 66]
 ST 117-2  2.269e+03  [-52 2.334e-03 2.373e-03 9.999e-06]  [6822 0 92]
 ST 117-3s 2.277e+03  [-146 4.840e-08 4.921e-08 3.232e-05]  [9591 0 94]
 ST 118-1  2.282e+03  [0 1.000e+00 1.051e+00 9.993e-06]  [3915 -1 64]
 ST 118-2  2.288e+03  [-55 1.748e-03 1.837e-03 9.996e-06]  [7413 0 93]
 ST 118-3s 2.297e+03  [-147 4.183e-08 4.398e-08 3.616e-05]  [10565 0 95]
 ST 119-1  2.303e+03  [0 1.000e+00 6.126e-01 9.995e-06]  [4728 0 68]
 ST 119-2  2.309e+03  [-49 3.279e-03 2.009e-03 1.000e-05]  [7304 0 93]
 ST 119-3s 2.317e+03  [-143 6.925e-08 4.242e-08 3.747e-05]  [8370 0 93]
 ST 120-1  2.322e+03  [0 1.000e+00 4.906e-01 9.992e-06]  [5096 0 70]
 ST 120-2  2.328e+03  [-42 7.216e-03 3.540e-03 9.999e-06]  [6182 0 91]
 ST 120-3s 2.337e+03  [-138 1.131e-07 5.551e-08 2.864e-05]  [10603 0 95]
 ST 121-1  2.342e+03  [0 1.000e+00 5.524e-01 9.993e-06]  [4472 -1 67]
 ST 121-2  2.348e+03  [-48 3.565e-03 1.969e-03 9.998e-06]  [6541 0 92]
 ST 121-3s 2.355e+03  [-143 6.499e-08 3.590e-08 4.430e-05]  [7749 -1 93]
 ST 122-1  2.360e+03  [0 1.000e+00 1.063e+00 9.995e-06]  [4298 0 66]
 ST 122-2  2.364e+03  [-44 6.003e-03 6.382e-03 9.993e-06]  [4673 0 89]
 ST 122-3s 2.374e+03  [-138 1.187e-07 1.262e-07 1.260e-05]  [11395 0 95]
 ST 123-1  2.379e+03  [0 1.000e+00 1.633e+00 9.989e-06]  [4252 0 66]
 ST 123-2  2.383e+03  [-39 1.104e-02 1.804e-02 9.997e-06]  [4475 0 88]
 ST 123-3s 2.391e+03  [-129 3.216e-07 5.252e-07 9.984e-06]  [8760 0 94]
 ST 124-1  2.395e+03  [0 1.000e+00 1.820e+00 9.991e-06]  [3144 0 59]
 ST 124-2  2.404e+03  [-77 1.347e-04 2.452e-04 9.994e-06]  [10506 0 95]
 ST 124-3s 2.411e+03  [-151 2.621e-08 4.771e-08 3.333e-05]  [8676 0 94]
 ST 125-1  2.417e+03  [0 1.000e+00 9.733e-01 9.996e-06]  [4549 0 68]
 ST 125-2  2.421e+03  [-45 5.121e-03 4.985e-03 9.999e-06]  [4832 0 89]
 ST 125-3s 2.430e+03  [-137 1.294e-07 1.259e-07 1.263e-05]  [9616 0 94]
 ST 126-1  2.436e+03  [0 1.000e+00 4.734e-01 9.985e-06]  [4915 0 69]
 ST 126-2  2.438e+03  [-35 1.725e-02 8.164e-03 9.986e-06]  [2953 -1 84]
 ST 126-3s 2.447e+03  [-127 4.287e-07 2.029e-07 1.000e-05]  [9717 0 94]
 ST 127-1  2.452e+03  [0 1.000e+00 4.047e-01 9.992e-06]  [4063 0 64]
 ST 127-2  2.461e+03  [-84 6.040e-05 2.444e-05 9.999e-06]  [11041 0 95]
 ST 127-3s 2.467e+03  [-150 2.952e-08 1.195e-08 1.331e-04]  [5812 0 91]
 ST 128-1  2.472e+03  [0 1.000e+00 5.677e-01 9.990e-06]  [4475 -1 67]
 ST 128-2  2.479e+03  [-70 2.951e-04 1.675e-04 9.998e-06]  [8563 0 94]
 ST 128-3s 2.486e+03  [-157 1.371e-08 7.784e-09 2.043e-04]  [7641 0 93]
 ST 129-1  2.491e+03  [0 1.000e+00 6.765e-01 9.999e-06]  [3729 0 63]
 ST 129-2  2.497e+03  [-47 4.128e-03 2.793e-03 9.994e-06]  [6306 0 92]
 ST 129-3s 2.503e+03  [-139 1.000e-07 6.765e-08 2.351e-05]  [7935 0 93]
 ST 130-1  2.508e+03  [0 1.000e+00 1.140e+00 9.987e-06]  [3199 0 59]
 ST 130-2  2.513e+03  [-43 6.917e-03 7.883e-03 9.998e-06]  [5190 0 90]
 ST 130-3s 2.521e+03  [-132 2.265e-07 2.582e-07 9.999e-06]  [10275 0 95]
 ST 131-1  2.527e+03  [0 1.000e+00 1.301e+00 9.991e-06]  [4095 0 65]
 ST 131-2  2.531e+03  [-55 1.684e-03 2.190e-03 9.990e-06]  [4434 -1 88]
 ST 131-3s 2.538e+03  [-144 5.864e-08 7.628e-08 2.083e-05]  [8888 0 94]
 ST 132-1  2.543e+03  [0 1.000e+00 1.182e+00 9.993e-06]  [3989 0 64]
 ST 132-2  2.549e+03  [-65 5.231e-04 6.181e-04 9.998e-06]  [6512 0 92]
 ST 132-3s 2.557e+03  [-151 2.719e-08 3.213e-08 4.950e-05]  [9071 0 94]
 ST 133-1  2.562e+03  [0 1.000e+00 1.104e+00 9.997e-06]  [3950 0 64]
 ST 133-2  2.570e+03  [-84 5.813e-05 6.418e-05 9.999e-06]  [9226 0 94]
 ST 133-3s 2.576e+03  [-152 2.418e-08 2.670e-08 5.955e-05]  [6553 0 92]
 ST 134-1  2.582e+03  [0 1.000e+00 7.266e-01 9.991e-06]  [4869 0 69]
 ST 134-2  2.586e+03  [-46 4.610e-03 3.349e-03 9.996e-06]  [4203 0 88]
 ST 134-3s 2.595e+03  [-134 1.792e-07 1.302e-07 1.221e-05]  [10318 0 95]
 ST 135-1  2.601e+03  [0 1.000e+00 3.123e-01 9.994e-06]  [5557 -1 72]
 ST 135-2  2.604e+03  [-34 1.869e-02 5.837e-03 9.995e-06]  [2934 0 84]
 ST 135-3s 2.612e+03  [-123 6.571e-07 2.052e-07 9.989e-06]  [9281 -1 94]
 ST 136-1  2.619e+03  [0 1.000e+00 1.727e-01 9.996e-06]  [5616 0 72]
 ST 136-2  2.622e+03  [-39 1.064e-02 1.836e-03 1.000e-05]  [2985 0 84]
 ST 136-3s 2.629e+03  [-130 3.057e-07 5.278e-08 3.010e-05]  [8471 0 94]
 ST 137-1  2.635e+03  [0 1.000e+00 1.562e-01 9.992e-06]  [4971 0 69]
 ST 137-2  2.639e+03  [-35 1.694e-02 2.646e-03 9.999e-06]  [3580 0 86]
 ST 137-3s 2.645e+03  [-127 4.267e-07 6.666e-08 2.385e-05]  [6732 -1 92]
 ST 138-1  2.651e+03  [0 1.000e+00 9.247e-02 9.993e-06]  [5372 0 71]
 ST 138-2  2.655e+03  [-38 1.127e-02 1.042e-03 9.996e-06]  [4322 0 88]
 ST 138-3s 2.661e+03  [-132 2.366e-07 2.188e-08 7.265e-05]  [6217 -1 92]
 ST 139-1  2.668e+03  [0 1.000e+00 6.277e-02 9.998e-06]  [6142 0 74]
 ST 139-2  2.672e+03  [-45 5.344e-03 3.354e-04 9.991e-06]  [5000 0 90]
 ST 139-3s 2.678e+03  [-140 9.386e-08 5.891e-09 2.700e-04]  [6073 0 91]
 ST 140-1  2.685e+03  [0 1.000e+00 4.465e-02 9.989e-06]  [6301 0 74]
 ST 140-2  2.691e+03  [-57 1.348e-03 6.017e-05 9.995e-06]  [6565 0 92]
 ST 140-3s 2.696e+03  [-152 2.320e-08 1.036e-09 1.535e-03]  [5104 0 90]
 ST 141-1  2.701e+03  [0 1.000e+00 1.084e-01 9.995e-06]  [4625 0 66]
 ST 141-2  2.708e+03  [-55 1.701e-03 1.844e-04 9.999e-06]  [6860 0 92]
 ST 141-3s 2.713e+03  [-149 3.406e-08 3.693e-09 4.305e-04]  [6384 0 92]
 ST 142-1  2.720e+03  [0 1.000e+00 2.121e-01 9.992e-06]  [5312 0 69]
 ST 142-2  2.724e+03  [-47 4.040e-03 8.570e-04 9.991e-06]  [4466 0 89]
 ST 142-3s 2.729e+03  [-141 8.715e-08 1.849e-08 8.601e-05]  [5919 0 91]
 ST 143-1  2.736e+03  [0 1.000e+00 2.621e-01 9.998e-06]  [5364 0 71]
 ST 143-2  2.740e+03  [-49 3.463e-03 9.077e-04 9.995e-06]  [4543 0 89]
 ST 143-3s 2.746e+03  [-141 8.575e-08 2.248e-08 7.072e-05]  [6641 0 92]
 ST 144-1  2.752e+03  [0 1.000e+00 2.745e-01 9.990e-06]  [4960 0 69]
 ST 144-2  2.758e+03  [-56 1.476e-03 4.052e-04 9.993e-06]  [5545 0 91]
 ST 144-3s 2.764e+03  [-147 4.327e-08 1.188e-08 1.338e-04]  [7442 0 93]
 ST 145-1  2.770e+03  [0 1.000e+00 2.971e-01 9.992e-06]  [3711 0 58]
 ST 145-2  2.776e+03  [-54 1.928e-03 5.727e-04 9.997e-06]  [6596 0 92]
 ST 145-3s 2.784e+03  [-143 6.640e-08 1.973e-08 8.054e-05]  [7975 0 94]
 ST 146-1  2.789e+03  [0 1.000e+00 3.349e-01 9.988e-06]  [4010 0 66]
 ST 146-2  2.795e+03  [-59 1.026e-03 3.437e-04 1.000e-05]  [6832 0 93]
 ST 146-3s 2.802e+03  [-147 4.285e-08 1.435e-08 1.108e-04]  [7627 0 93]
 ST 147-1  2.808e+03  [0 1.000e+00 3.386e-01 9.996e-06]  [4184 0 67]
 ST 147-2  2.814e+03  [-62 7.862e-04 2.662e-04 9.997e-06]  [6658 0 92]
 ST 147-3s 2.821e+03  [-149 3.393e-08 1.149e-08 1.384e-04]  [7014 0 93]
 ST 148-1  2.827e+03  [0 1.000e+00 3.573e-01 1.000e-05]  [4715 0 69]
 ST 148-2  2.832e+03  [-64 6.254e-04 2.234e-04 9.998e-06]  [5843 0 91]
 ST 148-3s 2.838e+03  [-150 3.061e-08 1.094e-08 1.454e-04]  [6885 -1 93]
 ST 149-1  2.844e+03  [0 1.000e+00 3.635e-01 9.999e-06]  [4448 0 68]
 ST 149-2  2.850e+03  [-71 2.790e-04 1.014e-04 9.999e-06]  [6234 0 92]
 ST 149-3s 2.856e+03  [-153 2.053e-08 7.463e-09 2.130e-04]  [5933 0 92]
 ST 150-1  2.860e+03  [0 1.000e+00 3.426e-01 9.998e-06]  [3118 0 58]
 ST 150-2  2.868e+03  [-79 1.048e-04 3.592e-05 9.990e-06]  [8385 0 94]
 ST 150-3s 2.873e+03  [-154 1.862e-08 6.379e-09 2.492e-04]  [5520 0 91]
 ST 151-1  2.879e+03  [0 1.000e+00 3.212e-01 9.985e-06]  [4268 0 66]
 ST 151-2  2.885e+03  [-93 2.104e-05 6.759e-06 9.994e-06]  [6358 -1 92]
 ST 151-3s 2.888e+03  [-155 1.673e-08 5.373e-09 2.959e-04]  [3845 0 88]
 ST 152-1  2.895e+03  [0 1.000e+00 2.764e-01 9.987e-06]  [4867 0 67]
 ST 152-2  2.902e+03  [-78 1.149e-04 3.176e-05 9.996e-06]  [7833 0 93]
 ST 152-3s 2.907e+03  [-154 1.985e-08 5.488e-09 2.898e-04]  [5346 0 91]
 ST 153-1  2.913e+03  [0 1.000e+00 2.455e-01 9.996e-06]  [4756 0 69]
 ST 153-2  2.921e+03  [-84 5.705e-05 1.400e-05 9.989e-06]  [8662 0 94]
 ST 153-3s 2.925e+03  [-154 1.850e-08 4.542e-09 3.501e-04]  [4565 0 89]
 ST 154-1  2.931e+03  [0 1.000e+00 2.355e-01 9.990e-06]  [4126 -1 65]
 ST 154-2  2.939e+03  [-85 5.338e-05 1.257e-05 9.994e-06]  [9263 0 94]
 ST 154-3s 2.944e+03  [-154 1.973e-08 4.647e-09 3.420e-04]  [4480 0 89]
 ST 155-1  2.949e+03  [0 1.000e+00 2.120e-01 9.999e-06]  [3591 0 63]
 ST 155-2  2.957e+03  [-80 9.999e-05 2.120e-05 9.998e-06]  [8944 0 94]
 ST 155-3s 2.962e+03  [-151 2.547e-08 5.400e-09 2.944e-04]  [5076 0 90]
 ST 156-1  2.967e+03  [0 1.000e+00 1.925e-01 9.989e-06]  [4302 0 67]
 ST 156-2  2.975e+03  [-84 6.188e-05 1.191e-05 9.992e-06]  [8189 0 94]
 ST 156-3s 2.979e+03  [-154 1.901e-08 3.661e-09 4.344e-04]  [4334 0 89]
 ST 157-1  2.985e+03  [0 1.000e+00 1.814e-01 9.989e-06]  [4873 0 70]
 ST 157-2  2.992e+03  [-83 6.312e-05 1.145e-05 9.989e-06]  [7649 -1 93]
 ST 157-3s 2.996e+03  [-155 1.759e-08 3.191e-09 4.984e-04]  [3564 0 87]
 ST 158-1  3.002e+03  [0 1.000e+00 1.643e-01 1.000e-05]  [5114 0 71]
 ST 158-2  3.009e+03  [-83 6.486e-05 1.066e-05 9.999e-06]  [7666 0 93]
 ST 158-3s 3.013e+03  [-155 1.744e-08 2.865e-09 5.548e-04]  [3889 0 88]
 ST 159-1  3.019e+03  [0 1.000e+00 1.552e-01 9.997e-06]  [4757 0 69]
 ST 159-2  3.026e+03  [-90 3.114e-05 4.833e-06 9.997e-06]  [8240 0 94]
 ST 159-3s 3.030e+03  [-155 1.605e-08 2.490e-09 6.385e-04]  [3432 0 86]
 ST 160-1  3.036e+03  [0 1.000e+00 1.468e-01 9.993e-06]  [4558 0 69]
 ST 160-2  3.044e+03  [-85 5.357e-05 7.863e-06 1.000e-05]  [8571 0 94]
 ST 160-3s 3.048e+03  [-155 1.756e-08 2.578e-09 6.167e-04]  [3978 -1 88]
 ST 161-1  3.053e+03  [0 1.000e+00 1.380e-01 9.999e-06]  [3700 0 64]
 ST 161-2  3.062e+03  [-93 2.180e-05 3.009e-06 9.991e-06]  [9862 0 95]
 ST 161-3s 3.065e+03  [-154 1.784e-08 2.463e-09 6.454e-04]  [3089 0 85]
 ST 162-1  3.070e+03  [0 1.000e+00 1.397e-01 9.990e-06]  [3476 0 62]
 ST 162-2  3.077e+03  [-94 1.806e-05 2.523e-06 9.994e-06]  [8330 0 94]
 ST 162-3s 3.080e+03  [-154 1.885e-08 2.632e-09 6.041e-04]  [2821 0 84]
 ST 163-1  3.085e+03  [0 1.000e+00 1.357e-01 9.992e-06]  [3771 -1 64]
 ST 163-2  3.092e+03  [-91 2.599e-05 3.527e-06 9.992e-06]  [7362 0 93]
 ST 163-3s 3.095e+03  [-155 1.639e-08 2.224e-09 7.147e-04]  [3079 0 85]
 ST 164-1  3.100e+03  [0 1.000e+00 1.373e-01 9.994e-06]  [3841 0 65]
 ST 164-2  3.108e+03  [-82 7.939e-05 1.090e-05 1.000e-05]  [7966 0 94]
 ST 164-3s 3.112e+03  [-155 1.716e-08 2.355e-09 6.751e-04]  [3974 0 88]
 ST 165-1  3.117e+03  [0 1.000e+00 1.438e-01 1.000e-05]  [3387 0 62]
 ST 165-2  3.124e+03  [-76 1.502e-04 2.160e-05 9.989e-06]  [7367 0 93]
 ST 165-3s 3.128e+03  [-153 2.136e-08 3.071e-09 5.179e-04]  [4407 0 89]
 ST 166-1  3.133e+03  [0 1.000e+00 1.497e-01 9.995e-06]  [3136 0 61]
 ST 166-2  3.140e+03  [-71 2.705e-04 4.050e-05 9.996e-06]  [7622 0 93]
 ST 166-3s 3.145e+03  [-150 2.848e-08 4.265e-09 3.727e-04]  [5484 0 91]
 ST 167-1  3.151e+03  [0 1.000e+00 1.616e-01 9.993e-06]  [4374 0 67]
 ST 167-2  3.157e+03  [-67 4.024e-04 6.503e-05 9.993e-06]  [6813 0 92]
 ST 167-3s 3.163e+03  [-148 3.613e-08 5.839e-09 2.724e-04]  [5609 -1 91]
 ST 168-1  3.169e+03  [0 1.000e+00 1.702e-01 1.000e-05]  [4559 0 69]
 ST 168-2  3.175e+03  [-68 3.561e-04 6.061e-05 9.998e-06]  [6882 -1 93]
 ST 168-3s 3.180e+03  [-148 3.553e-08 6.047e-09 2.629e-04]  [5456 -1 91]
 ST 169-1  3.186e+03  [0 1.000e+00 1.747e-01 9.995e-06]  [4557 0 69]
 ST 169-2  3.193e+03  [-68 3.669e-04 6.411e-05 9.997e-06]  [6888 0 93]
 ST 169-3s 3.198e+03  [-148 3.797e-08 6.634e-09 2.396e-04]  [5504 0 91]
 ST 170-1  3.204e+03  [0 1.000e+00 1.838e-01 9.991e-06]  [4391 0 68]
 ST 170-2  3.210e+03  [-67 4.204e-04 7.729e-05 9.989e-06]  [6845 0 92]
 ST 170-3s 3.216e+03  [-146 4.503e-08 8.277e-09 1.921e-04]  [5729 0 91]
 ST 171-1  3.221e+03  [0 1.000e+00 1.935e-01 9.997e-06]  [3989 0 66]
 ST 171-2  3.228e+03  [-67 4.127e-04 7.987e-05 9.991e-06]  [6933 -1 93]
 ST 171-3s 3.234e+03  [-146 4.794e-08 9.278e-09 1.713e-04]  [5840 0 91]
 ST 172-1  3.239e+03  [0 1.000e+00 2.007e-01 9.994e-06]  [3727 0 64]
 ST 172-2  3.245e+03  [-67 4.299e-04 8.629e-05 9.993e-06]  [6909 0 93]
 ST 172-3s 3.251e+03  [-145 5.252e-08 1.054e-08 1.508e-04]  [5896 0 92]
 ST 173-1  3.256e+03  [0 1.000e+00 2.112e-01 9.997e-06]  [3686 0 64]
 ST 173-2  3.262e+03  [-66 4.658e-04 9.836e-05 9.994e-06]  [6788 0 93]
 ST 173-3s 3.268e+03  [-144 5.978e-08 1.262e-08 1.259e-04]  [5808 0 91]
 ST 174-1  3.273e+03  [0 1.000e+00 2.223e-01 9.985e-06]  [3794 0 65]
 ST 174-2  3.280e+03  [-66 4.921e-04 1.094e-04 9.995e-06]  [6718 0 92]
 ST 174-3s 3.285e+03  [-143 6.696e-08 1.488e-08 1.068e-04]  [5703 0 91]
 ST 175-1  3.290e+03  [0 1.000e+00 2.338e-01 9.995e-06]  [3883 0 65]
 ST 175-2  3.297e+03  [-65 5.168e-04 1.208e-04 9.995e-06]  [6700 0 92]
 ST 175-3s 3.302e+03  [-142 7.435e-08 1.739e-08 9.142e-05]  [5761 -1 91]
 ST 176-1  3.308e+03  [0 1.000e+00 2.467e-01 9.985e-06]  [3892 0 65]
 ST 176-2  3.314e+03  [-65 5.543e-04 1.368e-04 9.991e-06]  [6683 0 92]
 ST 176-3s 3.320e+03  [-141 8.477e-08 2.091e-08 7.600e-05]  [5891 0 91]
 ST 177-1  3.325e+03  [0 1.000e+00 2.614e-01 9.987e-06]  [3861 0 64]
 ST 177-2  3.331e+03  [-64 5.947e-04 1.554e-04 9.994e-06]  [6660 0 92]
 ST 177-3s 3.337e+03  [-140 9.692e-08 2.533e-08 6.279e-05]  [6045 0 92]
 ST 178-1  3.342e+03  [0 1.000e+00 2.773e-01 9.990e-06]  [3791 0 65]
 ST 178-2  3.349e+03  [-64 6.256e-04 1.735e-04 9.995e-06]  [6645 0 92]
 ST 178-3s 3.355e+03  [-139 1.093e-07 3.030e-08 5.248e-05]  [6170 -1 92]
 ST 179-1  3.360e+03  [0 1.000e+00 2.945e-01 9.985e-06]  [3781 0 65]
 ST 179-2  3.366e+03  [-63 6.743e-04 1.986e-04 9.994e-06]  [6568 0 92]
 ST 179-3s 3.372e+03  [-138 1.257e-07 3.702e-08 4.296e-05]  [6321 -1 92]
 ST 180-1  3.378e+03  [0 1.000e+00 3.146e-01 9.995e-06]  [3853 0 65]
 ST 180-2  3.384e+03  [-62 7.216e-04 2.270e-04 9.996e-06]  [6501 0 92]
 ST 180-3s 3.390e+03  [-136 1.445e-07 4.545e-08 3.497e-05]  [6465 0 92]
 ST 181-1  3.395e+03  [0 1.000e+00 3.368e-01 9.997e-06]  [3972 -1 66]
 ST 181-2  3.401e+03  [-62 7.758e-04 2.613e-04 9.997e-06]  [6331 0 92]
 ST 181-3s 3.408e+03  [-135 1.666e-07 5.610e-08 2.835e-05]  [6600 0 92]
 ST 182-1  3.413e+03  [0 1.000e+00 3.621e-01 9.995e-06]  [4105 0 67]
 ST 182-2  3.419e+03  [-61 8.401e-04 3.043e-04 9.998e-06]  [6162 -1 92]
 ST 182-3s 3.426e+03  [-134 1.936e-07 7.013e-08 2.266e-05]  [6771 0 92]
 ST 183-1  3.431e+03  [0 1.000e+00 3.915e-01 9.994e-06]  [4238 0 67]
 ST 183-2  3.437e+03  [-60 9.120e-04 3.570e-04 9.998e-06]  [5962 -1 91]
 ST 183-3s 3.443e+03  [-132 2.261e-07 8.850e-08 1.797e-05]  [6948 0 93]
 ST 184-1  3.449e+03  [0 1.000e+00 4.251e-01 9.992e-06]  [4301 0 67]
 ST 184-2  3.455e+03  [-60 9.907e-04 4.212e-04 9.996e-06]  [5818 0 91]
 ST 184-3s 3.461e+03  [-131 2.640e-07 1.123e-07 1.416e-05]  [6934 -1 93]
 ST 185-1  3.467e+03  [0 1.000e+00 4.643e-01 9.997e-06]  [4314 0 67]
 ST 185-2  3.472e+03  [-59 1.081e-03 5.019e-04 9.998e-06]  [5706 -1 91]
 ST 185-3s 3.479e+03  [-130 3.102e-07 1.440e-07 1.104e-05]  [7313 0 93]
 ST 186-1  3.485e+03  [0 1.000e+00 5.104e-01 9.993e-06]  [4301 0 68]
 ST 186-2  3.490e+03  [-58 1.188e-03 6.064e-04 9.998e-06]  [5685 0 91]
 ST 186-3s 3.497e+03  [-128 3.669e-07 1.873e-07 9.992e-06]  [7403 0 93]
 ST 187-1  3.503e+03  [0 1.000e+00 5.653e-01 9.993e-06]  [4295 0 67]
 ST 187-2  3.509e+03  [-57 1.308e-03 7.396e-04 9.998e-06]  [5707 -1 91]
 ST 187-3s 3.515e+03  [-127 4.354e-07 2.461e-07 9.997e-06]  [7001 0 93]
 ST 188-1  3.521e+03  [0 1.000e+00 6.314e-01 9.985e-06]  [4289 0 67]
 ST 188-2  3.526e+03  [-56 1.481e-03 9.352e-04 9.993e-06]  [5768 0 91]
 ST 188-3s 3.533e+03  [-125 5.284e-07 3.336e-07 9.991e-06]  [7097 0 93]
 ST 189-1  3.539e+03  [0 1.000e+00 7.131e-01 9.988e-06]  [4266 0 68]
 ST 189-2  3.545e+03  [-56 1.553e-03 1.107e-03 9.997e-06]  [5930 0 91]
 ST 189-3s 3.551e+03  [-124 6.036e-07 4.304e-07 9.998e-06]  [7229 0 93]
 ST 190-1  3.557e+03  [0 1.000e+00 8.033e-01 9.992e-06]  [4238 0 66]
 ST 190-2  3.563e+03  [-55 1.745e-03 1.401e-03 9.992e-06]  [6040 0 92]
 ST 190-3s 3.570e+03  [-122 7.246e-07 5.821e-07 9.994e-06]  [7328 0 93]
 ST 191-1  3.575e+03  [0 1.000e+00 9.238e-01 9.986e-06]  [4190 0 67]
 ST 191-2  3.581e+03  [-54 1.969e-03 1.819e-03 9.988e-06]  [6137 0 92]
 ST 191-3s 3.588e+03  [-121 8.780e-07 8.111e-07 9.992e-06]  [7280 0 93]
 ST 192-1  3.594e+03  [0 1.000e+00 1.073e+00 9.993e-06]  [4125 -1 67]
 ST 192-2  3.600e+03  [-53 2.168e-03 2.326e-03 9.995e-06]  [6222 -1 92]
 ST 192-3s 3.607e+03  [-119 1.046e-06 1.123e-06 9.992e-06]  [7296 0 93]
 ST 193-1  3.612e+03  [0 1.000e+00 1.256e+00 9.994e-06]  [4045 0 66]
 ST 193-2  3.618e+03  [-52 2.365e-03 2.969e-03 9.997e-06]  [6263 0 92]
 ST 193-3s 3.625e+03  [-118 1.240e-06 1.557e-06 9.997e-06]  [7299 0 93]
 ST 194-1  3.630e+03  [0 1.000e+00 1.485e+00 9.992e-06]  [3930 0 65]
 ST 194-2  3.636e+03  [-51 2.555e-03 3.794e-03 9.991e-06]  [6260 0 92]
 ST 194-3s 3.643e+03  [-116 1.463e-06 2.172e-06 9.997e-06]  [7284 0 93]
 ST 195-1  3.648e+03  [0 1.000e+00 1.769e+00 9.997e-06]  [3795 0 64]
 ST 195-2  3.654e+03  [-51 2.700e-03 4.778e-03 9.987e-06]  [6220 -1 92]
 ST 195-3s 3.661e+03  [-115 1.708e-06 3.023e-06 9.997e-06]  [7244 0 93]
 ST 196-1  3.666e+03  [0 1.000e+00 2.119e+00 9.994e-06]  [3671 -1 64]
 ST 196-2  3.672e+03  [-51 2.747e-03 5.820e-03 9.993e-06]  [6153 0 92]
 ST 196-3s 3.679e+03  [-114 1.947e-06 4.125e-06 9.995e-06]  [7228 0 93]
 ST 197-1  3.684e+03  [0 1.000e+00 2.534e+00 9.986e-06]  [3591 0 64]
 ST 197-2  3.690e+03  [-51 2.633e-03 6.673e-03 9.993e-06]  [6065 0 92]
 ST 197-3s 3.697e+03  [-113 2.150e-06 5.449e-06 9.998e-06]  [7154 0 93]
 ST 198-1  3.702e+03  [0 1.000e+00 3.001e+00 9.976e-06]  [3583 0 64]
 ST 198-2  3.707e+03  [-52 2.286e-03 6.861e-03 9.996e-06]  [5829 0 91]
 ST 198-3s 3.714e+03  [-113 2.216e-06 6.651e-06 9.996e-06]  [7033 0 93]
 ST 199-1  3.719e+03  [0 1.000e+00 3.446e+00 9.993e-06]  [3896 0 66]
 ST 199-2  3.726e+03  [-62 7.431e-04 2.561e-03 9.994e-06]  [6449 0 92]
 ST 199-3s 3.731e+03  [-118 1.170e-06 4.033e-06 9.997e-06]  [5802 0 91]
 ST 200-1  3.739e+03  [0 1.000e+00 2.856e+00 1.000e-05]  [6725 0 76]
 ST 200-2  3.742e+03  [-8 3.843e-01 1.098e+00 9.997e-06]  [2346 -1 81]
 ST 200-3  3.749e+03  [-94 1.862e-05 5.319e-05 9.999e-06]  [7744 0 93]
 ST 200-4s 3.756e+03  [-146 5.010e-08 1.431e-07 1.110e-05]  [6868 0 90]
