---------------------------------------------------------------------
 Eq     N-i     T       dB  Ri/R1   Ri/R0    R/Ri     lsIt   dB  %t
---------------------------------------------------------------------
 ST 1-1  1.150e-01  [0 1.000e+00 1.000e+00 9.998e-06]  [1388 -1 77]
 ST 1-2  1.850e-01  [-8 3.811e-01 3.811e-01 9.998e-06]  [682 -1 61]
 ST 1-3  3.080e-01  [-95 1.619e-05 1.619e-05 9.955e-06]  [1543 -1 79]
 ST 1-4s 4.060e-01  [-147 4.036e-08 4.036e-08 2.278e-05]  [1139 -1 72]
 ST 2-1  6.000e-01  [0 1.000e+00 2.021e+00 9.982e-06]  [1216 -3 39]
 ST 2-2  6.790e-01  [-16 1.448e-01 2.927e-01 9.966e-06]  [846 -2 66]
 ST 2-3  7.980e-01  [-92 2.249e-05 4.546e-05 9.968e-06]  [1486 0 77]
 ST 2-4s 9.040e-01  [-137 1.398e-07 2.827e-07 9.979e-06]  [1272 -3 75]
 ST 3-1  1.058e+00  [0 1.000e+00 9.464e+00 9.992e-06]  [749 -3 30]
 ST 3-2  1.150e+00  [-48 3.855e-03 3.648e-02 9.957e-06]  [1048 -2 71]
 ST 3-3s 1.260e+00  [-104 6.252e-06 5.917e-05 9.953e-06]  [1339 -1 76]
 ST 4-1  1.414e+00  [0 1.000e+00 1.018e+01 9.977e-06]  [796 -2 32]
 ST 4-2  1.501e+00  [-44 5.981e-03 6.086e-02 9.961e-06]  [974 0 70]
 ST 4-3  1.611e+00  [-99 1.056e-05 1.075e-04 9.951e-06]  [1318 -2 75]
 ST 4-4s 1.712e+00  [-145 5.348e-08 5.442e-07 9.983e-06]  [1199 -1 73]
 ST 5-1  1.873e+00  [0 1.000e+00 7.270e+00 9.976e-06]  [880 -1 34]
 ST 5-2  1.952e+00  [-29 3.171e-02 2.305e-01 9.956e-06]  [829 -1 66]
 ST 5-3  2.061e+00  [-87 4.082e-05 2.968e-04 9.971e-06]  [1321 -3 76]
 ST 5-4s 2.167e+00  [-141 8.902e-08 6.472e-07 9.968e-06]  [1272 -3 75]
 ST 6-1  2.338e+00  [0 1.000e+00 3.534e+00 9.999e-06]  [1047 -2 38]
 ST 6-2  2.413e+00  [-27 4.175e-02 1.475e-01 9.998e-06]  [777 -1 64]
 ST 6-3  2.530e+00  [-94 1.954e-05 6.906e-05 9.978e-06]  [1442 -1 77]
 ST 6-4s 2.638e+00  [-151 2.696e-08 9.528e-08 9.953e-06]  [1304 -2 75]
 ST 7-1  2.818e+00  [0 1.000e+00 1.572e+00 9.946e-06]  [1214 -2 42]
 ST 7-2  2.900e+00  [-36 1.535e-02 2.413e-02 9.942e-06]  [896 -2 67]
 ST 7-3s 3.013e+00  [-104 6.127e-06 9.630e-06 9.955e-06]  [1380 0 76]
 ST 8-1  3.199e+00  [0 1.000e+00 8.862e-01 9.988e-06]  [1303 -1 44]
 ST 8-2  3.284e+00  [-42 7.321e-03 6.488e-03 9.968e-06]  [946 -2 69]
 ST 8-3s 3.402e+00  [-113 2.189e-06 1.940e-06 9.951e-06]  [1462 -2 77]
 ST 9-1  3.588e+00  [0 1.000e+00 7.655e-01 9.966e-06]  [1293 -1 44]
 ST 9-2  3.684e+00  [-50 2.835e-03 2.170e-03 9.960e-06]  [1118 -3 72]
 ST 9-3s 3.806e+00  [-119 1.030e-06 7.884e-07 9.971e-06]  [1521 -2 78]
 ST 10-1  3.987e+00  [0 1.000e+00 1.049e+00 9.974e-06]  [1199 -1 41]
 ST 10-2  4.076e+00  [-44 6.280e-03 6.588e-03 9.980e-06]  [1006 -2 71]
 ST 10-3s 4.199e+00  [-114 1.842e-06 1.932e-06 9.993e-06]  [1553 -1 79]
 ST 11-1  4.383e+00  [0 1.000e+00 6.518e-01 9.986e-06]  [1277 0 43]
 ST 11-2  4.471e+00  [-47 4.393e-03 2.863e-03 9.993e-06]  [996 -1 70]
 ST 11-3s 4.586e+00  [-119 1.122e-06 7.311e-07 9.987e-06]  [1408 -2 77]
 ST 12-1  4.770e+00  [0 1.000e+00 4.784e-01 9.974e-06]  [1285 0 43]
 ST 12-2  4.871e+00  [-59 1.090e-03 5.215e-04 9.948e-06]  [1198 -1 73]
 ST 12-3s 4.988e+00  [-129 3.347e-07 1.601e-07 9.965e-06]  [1447 -1 77]
 ST 13-1  5.181e+00  [0 1.000e+00 3.822e-01 9.943e-06]  [1404 -1 46]
 ST 13-2  5.277e+00  [-53 2.110e-03 8.066e-04 9.996e-06]  [1126 0 73]
 ST 13-3s 5.403e+00  [-127 4.463e-07 1.706e-07 9.981e-06]  [1577 -3 79]
 ST 14-1  5.594e+00  [0 1.000e+00 4.401e-01 9.963e-06]  [1401 -1 46]
 ST 14-2  5.693e+00  [-52 2.322e-03 1.022e-03 9.998e-06]  [1155 -2 73]
 ST 14-3s 5.819e+00  [-126 4.888e-07 2.151e-07 9.988e-06]  [1599 -1 79]
 ST 15-1  6.018e+00  [0 1.000e+00 3.284e-01 9.954e-06]  [1469 -2 46]
 ST 15-2  6.122e+00  [-58 1.221e-03 4.009e-04 9.982e-06]  [1240 -1 74]
 ST 15-3s 6.250e+00  [-130 2.836e-07 9.314e-08 9.984e-06]  [1614 -2 78]
 ST 16-1  6.460e+00  [0 1.000e+00 2.618e-01 9.951e-06]  [1511 -2 45]
 ST 16-2  6.564e+00  [-57 1.364e-03 3.570e-04 9.959e-06]  [1226 0 74]
 ST 16-3s 6.685e+00  [-132 2.358e-07 6.173e-08 1.487e-05]  [1512 -2 79]
 ST 17-1  6.888e+00  [0 1.000e+00 2.428e-01 9.963e-06]  [1542 -1 48]
 ST 17-2  6.992e+00  [-56 1.534e-03 3.724e-04 9.996e-06]  [1249 -1 75]
 ST 17-3s 7.113e+00  [-132 2.366e-07 5.744e-08 1.600e-05]  [1503 -1 78]
 ST 18-1  7.315e+00  [0 1.000e+00 2.388e-01 9.984e-06]  [1535 0 48]
 ST 18-2  7.422e+00  [-59 1.119e-03 2.673e-04 9.974e-06]  [1293 -1 75]
 ST 18-3s 7.542e+00  [-134 1.828e-07 4.365e-08 2.111e-05]  [1497 -1 78]
 ST 19-1  7.747e+00  [0 1.000e+00 2.072e-01 9.950e-06]  [1530 -3 47]
 ST 19-2  7.860e+00  [-63 6.388e-04 1.324e-04 9.953e-06]  [1376 -3 76]
 ST 19-3s 7.973e+00  [-136 1.580e-07 3.275e-08 2.815e-05]  [1390 -1 77]
 ST 20-1  8.171e+00  [0 1.000e+00 1.983e-01 9.952e-06]  [1508 -1 47]
 ST 20-2  8.279e+00  [-62 7.701e-04 1.527e-04 9.976e-06]  [1312 -2 76]
 ST 20-3s 8.389e+00  [-136 1.424e-07 2.824e-08 3.260e-05]  [1336 -1 75]
 ST 21-1  8.586e+00  [0 1.000e+00 1.953e-01 9.994e-06]  [1467 -2 46]
 ST 21-2  8.699e+00  [-66 4.717e-04 9.213e-05 9.995e-06]  [1377 -3 76]
 ST 21-3s 8.805e+00  [-141 8.831e-08 1.725e-08 5.339e-05]  [1270 -3 75]
 ST 22-1  8.998e+00  [0 1.000e+00 1.844e-01 9.970e-06]  [1404 -1 45]
 ST 22-2  9.107e+00  [-65 5.016e-04 9.248e-05 9.971e-06]  [1318 -3 75]
 ST 22-3s 9.214e+00  [-141 8.487e-08 1.565e-08 5.879e-05]  [1278 0 75]
 ST 23-1  9.403e+00  [0 1.000e+00 1.680e-01 9.971e-06]  [1350 -2 44]
 ST 23-2  9.518e+00  [-68 3.710e-04 6.234e-05 9.997e-06]  [1410 -2 77]
 ST 23-3s 9.620e+00  [-143 7.018e-08 1.179e-08 7.790e-05]  [1220 -3 75]
 ST 24-1  9.816e+00  [0 1.000e+00 1.569e-01 9.989e-06]  [1437 0 45]
 ST 24-2  9.935e+00  [-72 2.330e-04 3.654e-05 9.919e-06]  [1475 -3 77]
 ST 24-3s 1.003e+01  [-146 4.630e-08 7.263e-09 1.263e-04]  [1142 -1 72]
 ST 25-1  1.023e+01  [0 1.000e+00 1.474e-01 9.961e-06]  [1502 -1 47]
 ST 25-2  1.034e+01  [-65 5.050e-04 7.442e-05 9.977e-06]  [1307 -2 75]
 ST 25-3s 1.044e+01  [-142 7.926e-08 1.168e-08 7.888e-05]  [1173 -3 73]
 ST 26-1  1.064e+01  [0 1.000e+00 1.393e-01 9.967e-06]  [1408 -1 43]
 ST 26-2  1.075e+01  [-62 7.692e-04 1.072e-04 9.952e-06]  [1251 -1 75]
 ST 26-3s 1.085e+01  [-139 1.039e-07 1.447e-08 6.376e-05]  [1180 0 74]
 ST 27-1  1.105e+01  [0 1.000e+00 1.373e-01 9.962e-06]  [1392 0 43]
 ST 27-2  1.115e+01  [-59 1.014e-03 1.393e-04 9.999e-06]  [1180 -1 73]
 ST 27-3s 1.125e+01  [-138 1.161e-07 1.595e-08 5.757e-05]  [1215 -2 74]
 ST 28-1  1.144e+01  [0 1.000e+00 1.391e-01 9.991e-06]  [1397 -1 45]
 ST 28-2  1.154e+01  [-59 1.046e-03 1.456e-04 9.983e-06]  [1170 -3 74]
 ST 28-3s 1.165e+01  [-139 1.048e-07 1.458e-08 6.327e-05]  [1216 -2 74]
 ST 29-1  1.186e+01  [0 1.000e+00 1.379e-01 9.988e-06]  [1369 -3 40]
 ST 29-2  1.197e+01  [-65 5.449e-04 7.515e-05 9.977e-06]  [1326 -3 75]
 ST 29-3s 1.207e+01  [-143 7.026e-08 9.691e-09 9.471e-05]  [1136 -1 73]
 ST 30-1  1.227e+01  [0 1.000e+00 1.350e-01 9.971e-06]  [1380 0 43]
 ST 30-2  1.239e+01  [-70 2.838e-04 3.831e-05 9.967e-06]  [1468 -2 77]
 ST 30-3s 1.248e+01  [-146 4.797e-08 6.476e-09 1.424e-04]  [1065 -3 71]
 ST 31-1  1.267e+01  [0 1.000e+00 1.308e-01 9.939e-06]  [1426 -3 47]
 ST 31-2  1.280e+01  [-74 1.957e-04 2.561e-05 9.996e-06]  [1518 -2 79]
 ST 31-3s 1.289e+01  [-148 3.709e-08 4.854e-09 1.888e-04]  [1034 -1 70]
 ST 32-1  1.308e+01  [0 1.000e+00 1.245e-01 9.956e-06]  [1309 -2 43]
 ST 32-2  1.321e+01  [-77 1.268e-04 1.579e-05 9.956e-06]  [1652 -1 79]
 ST 32-3s 1.329e+01  [-151 2.613e-08 3.255e-09 2.836e-04]  [962 -3 70]
 ST 33-1  1.349e+01  [0 1.000e+00 1.199e-01 9.966e-06]  [1459 -2 47]
 ST 33-2  1.361e+01  [-71 2.563e-04 3.073e-05 9.991e-06]  [1469 -2 77]
 ST 33-3s 1.370e+01  [-149 3.346e-08 4.011e-09 2.285e-04]  [1016 -3 70]
 ST 34-1  1.388e+01  [0 1.000e+00 1.174e-01 9.950e-06]  [1347 -2 45]
 ST 34-2  1.400e+01  [-69 3.433e-04 4.029e-05 9.963e-06]  [1413 -2 77]
 ST 34-3s 1.409e+01  [-147 4.039e-08 4.740e-09 1.939e-04]  [1040 -1 70]
 ST 35-1  1.428e+01  [0 1.000e+00 1.165e-01 9.946e-06]  [1309 -2 44]
 ST 35-2  1.439e+01  [-66 4.608e-04 5.370e-05 9.956e-06]  [1354 -1 76]
 ST 35-3s 1.448e+01  [-145 5.221e-08 6.083e-09 1.513e-04]  [1061 -3 72]
 ST 36-1  1.467e+01  [0 1.000e+00 1.168e-01 9.965e-06]  [1317 -2 42]
 ST 36-2  1.478e+01  [-64 6.251e-04 7.303e-05 9.969e-06]  [1283 -1 75]
 ST 36-3s 1.488e+01  [-144 6.093e-08 7.118e-09 1.291e-04]  [1108 -2 72]
 ST 37-1  1.506e+01  [0 1.000e+00 1.159e-01 9.984e-06]  [1314 -2 44]
 ST 37-2  1.517e+01  [-63 6.575e-04 7.618e-05 9.970e-06]  [1292 -1 75]
 ST 37-3s 1.527e+01  [-144 5.936e-08 6.878e-09 1.336e-04]  [1111 -2 72]
 ST 38-1  1.546e+01  [0 1.000e+00 1.123e-01 9.932e-06]  [1306 -1 42]
 ST 38-2  1.558e+01  [-64 5.764e-04 6.475e-05 9.984e-06]  [1359 -2 76]
 ST 38-3s 1.567e+01  [-145 5.029e-08 5.649e-09 1.632e-04]  [1086 -1 71]
 ST 39-1  1.585e+01  [0 1.000e+00 1.081e-01 9.913e-06]  [1215 -2 42]
 ST 39-2  1.597e+01  [-70 2.830e-04 3.060e-05 9.994e-06]  [1449 -1 77]
 ST 39-3s 1.606e+01  [-149 3.173e-08 3.430e-09 2.689e-04]  [1003 -2 70]
 ST 40-1  1.625e+01  [0 1.000e+00 1.049e-01 9.936e-06]  [1341 -1 45]
 ST 40-2  1.636e+01  [-80 9.724e-05 1.020e-05 9.921e-06]  [1441 -1 78]
 ST 40-3s 1.645e+01  [-156 1.475e-08 1.547e-09 5.932e-04]  [906 -2 68]
 ST 41-1  1.663e+01  [0 1.000e+00 1.035e-01 9.979e-06]  [1224 -3 42]
 ST 41-2  1.675e+01  [-78 1.179e-04 1.221e-05 9.987e-06]  [1500 -1 78]
 ST 41-3s 1.683e+01  [-153 2.166e-08 2.243e-09 4.108e-04]  [925 -1 68]
 ST 42-1  1.701e+01  [0 1.000e+00 1.049e-01 9.988e-06]  [1151 -3 41]
 ST 42-2  1.712e+01  [-69 3.447e-04 3.617e-05 9.991e-06]  [1415 -2 77]
 ST 42-3s 1.721e+01  [-148 3.791e-08 3.977e-09 2.310e-04]  [1051 -2 71]
 ST 43-1  1.744e+01  [0 1.000e+00 1.080e-01 9.948e-06]  [1518 -2 42]
 ST 43-2  1.755e+01  [-64 5.966e-04 6.444e-05 9.956e-06]  [1351 -1 76]
 ST 43-3s 1.765e+01  [-145 5.045e-08 5.449e-09 1.693e-04]  [1104 -2 72]
 ST 44-1  1.785e+01  [0 1.000e+00 1.101e-01 9.961e-06]  [1596 -1 49]
 ST 44-2  1.796e+01  [-63 6.965e-04 7.665e-05 9.998e-06]  [1323 -3 75]
 ST 44-3s 1.806e+01  [-145 5.542e-08 6.099e-09 1.506e-04]  [1130 0 72]
 ST 45-1  1.826e+01  [0 1.000e+00 1.139e-01 9.980e-06]  [1542 -1 48]
 ST 45-2  1.837e+01  [-64 6.184e-04 7.041e-05 9.982e-06]  [1344 -1 75]
 ST 45-3s 1.846e+01  [-146 4.985e-08 5.676e-09 1.626e-04]  [1116 -2 72]
 ST 46-1  1.865e+01  [0 1.000e+00 1.122e-01 9.986e-06]  [1306 -1 44]
 ST 46-2  1.876e+01  [-67 4.280e-04 4.803e-05 9.965e-06]  [1389 0 76]
 ST 46-3s 1.886e+01  [-147 4.217e-08 4.732e-09 1.944e-04]  [1082 0 72]
 ST 47-1  1.903e+01  [0 1.000e+00 1.132e-01 9.980e-06]  [1108 -2 40]
 ST 47-2  1.914e+01  [-74 1.877e-04 2.124e-05 9.964e-06]  [1389 0 76]
 ST 47-3s 1.923e+01  [-151 2.598e-08 2.941e-09 3.125e-04]  [1005 -2 71]
 ST 48-1  1.940e+01  [0 1.000e+00 1.164e-01 9.989e-06]  [1102 -1 40]
 ST 48-2  1.952e+01  [-84 5.626e-05 6.547e-06 9.953e-06]  [1462 -2 78]
 ST 48-3s 1.960e+01  [-157 1.407e-08 1.637e-09 5.619e-04]  [865 -3 67]
 ST 49-1  1.978e+01  [0 1.000e+00 1.197e-01 9.955e-06]  [1111 -2 40]
 ST 49-2  1.989e+01  [-77 1.301e-04 1.558e-05 9.931e-06]  [1415 -2 77]
 ST 49-3s 1.997e+01  [-157 1.333e-08 1.596e-09 5.772e-04]  [890 -1 66]
 ST 50-1  2.016e+01  [0 1.000e+00 1.246e-01 9.958e-06]  [1204 -1 41]
 ST 50-2  2.027e+01  [-68 3.703e-04 4.614e-05 9.993e-06]  [1353 -2 76]
 ST 50-3s 2.036e+01  [-150 3.102e-08 3.866e-09 2.386e-04]  [1024 0 70]
 ST 51-1  2.055e+01  [0 1.000e+00 1.304e-01 9.946e-06]  [1399 -1 45]
 ST 51-2  2.066e+01  [-64 5.690e-04 7.419e-05 9.960e-06]  [1348 -1 76]
 ST 51-3s 2.076e+01  [-147 4.273e-08 5.572e-09 1.655e-04]  [1106 -2 72]
 ST 52-1  2.094e+01  [0 1.000e+00 1.331e-01 9.960e-06]  [1246 -2 43]
 ST 52-2  2.105e+01  [-64 5.787e-04 7.700e-05 9.953e-06]  [1345 -1 76]
 ST 52-3s 2.115e+01  [-146 4.559e-08 6.066e-09 1.513e-04]  [1124 0 72]
 ST 53-1  2.132e+01  [0 1.000e+00 1.357e-01 9.970e-06]  [1166 -3 41]
 ST 53-2  2.144e+01  [-68 3.774e-04 5.122e-05 9.978e-06]  [1394 -1 76]
 ST 53-3s 2.153e+01  [-148 3.735e-08 5.070e-09 1.820e-04]  [1109 -2 72]
 ST 54-1  2.171e+01  [0 1.000e+00 1.408e-01 9.992e-06]  [1173 -3 41]
 ST 54-2  2.183e+01  [-76 1.444e-04 2.034e-05 9.994e-06]  [1399 -1 77]
 ST 54-3s 2.192e+01  [-153 2.017e-08 2.841e-09 3.246e-04]  [1019 -3 70]
 ST 55-1  2.211e+01  [0 1.000e+00 1.479e-01 9.972e-06]  [1297 -1 43]
 ST 55-2  2.222e+01  [-82 7.107e-05 1.051e-05 9.967e-06]  [1452 -2 77]
 ST 55-3s 2.231e+01  [-158 1.191e-08 1.761e-09 5.224e-04]  [922 0 69]
 ST 56-1  2.249e+01  [0 1.000e+00 1.571e-01 9.990e-06]  [1312 -2 44]
 ST 56-2  2.261e+01  [-78 1.228e-04 1.929e-05 9.934e-06]  [1423 -3 77]
 ST 56-3s 2.270e+01  [-153 2.001e-08 3.143e-09 2.920e-04]  [1038 -1 71]
 ST 57-1  2.289e+01  [0 1.000e+00 1.681e-01 9.952e-06]  [1196 -1 41]
 ST 57-2  2.300e+01  [-70 2.877e-04 4.837e-05 9.961e-06]  [1440 -1 77]
 ST 57-3s 2.310e+01  [-148 3.719e-08 6.253e-09 1.471e-04]  [1176 0 74]
 ST 58-1  2.328e+01  [0 1.000e+00 1.798e-01 9.912e-06]  [1212 -2 41]
 ST 58-2  2.340e+01  [-67 3.983e-04 7.162e-05 9.982e-06]  [1395 -1 76]
 ST 58-3s 2.350e+01  [-146 4.903e-08 8.817e-09 1.045e-04]  [1231 0 74]
 ST 59-1  2.368e+01  [0 1.000e+00 1.917e-01 9.931e-06]  [1208 -2 42]
 ST 59-2  2.380e+01  [-69 3.454e-04 6.620e-05 9.998e-06]  [1423 -3 77]
 ST 59-3s 2.390e+01  [-146 4.749e-08 9.102e-09 1.013e-04]  [1241 -1 74]
 ST 60-1  2.408e+01  [0 1.000e+00 2.050e-01 9.958e-06]  [1146 -2 40]
 ST 60-2  2.420e+01  [-74 1.814e-04 3.718e-05 9.936e-06]  [1438 -1 77]
 ST 60-3s 2.430e+01  [-149 3.323e-08 6.811e-09 1.349e-04]  [1167 -2 74]
 ST 61-1  2.453e+01  [0 1.000e+00 2.193e-01 9.959e-06]  [1333 0 36]
 ST 61-2  2.465e+01  [-81 8.261e-05 1.812e-05 9.997e-06]  [1523 -2 79]
 ST 61-3s 2.474e+01  [-155 1.643e-08 3.603e-09 2.552e-04]  [1041 -1 70]
 ST 62-1  2.493e+01  [0 1.000e+00 2.358e-01 9.959e-06]  [1330 0 44]
 ST 62-2  2.505e+01  [-81 8.195e-05 1.932e-05 9.979e-06]  [1457 -2 77]
 ST 62-3s 2.514e+01  [-157 1.374e-08 3.240e-09 2.840e-04]  [1024 0 70]
 ST 63-1  2.531e+01  [0 1.000e+00 2.536e-01 9.904e-06]  [1110 -2 40]
 ST 63-2  2.542e+01  [-74 1.782e-04 4.519e-05 9.997e-06]  [1352 -2 76]
 ST 63-3s 2.552e+01  [-151 2.597e-08 6.585e-09 1.400e-04]  [1180 0 73]
 ST 64-1  2.571e+01  [0 1.000e+00 2.749e-01 9.999e-06]  [1208 -2 40]
 ST 64-2  2.583e+01  [-71 2.766e-04 7.603e-05 9.976e-06]  [1348 -2 77]
 ST 64-3s 2.593e+01  [-149 3.470e-08 9.539e-09 9.679e-05]  [1253 -2 75]
 ST 65-1  2.611e+01  [0 1.000e+00 2.929e-01 9.985e-06]  [1183 0 41]
 ST 65-2  2.622e+01  [-72 2.492e-04 7.301e-05 9.929e-06]  [1349 -2 77]
 ST 65-3s 2.632e+01  [-150 3.160e-08 9.255e-09 9.931e-05]  [1251 -2 75]
 ST 66-1  2.655e+01  [0 1.000e+00 3.085e-01 9.943e-06]  [1211 -2 34]
 ST 66-2  2.666e+01  [-77 1.274e-04 3.929e-05 9.993e-06]  [1438 -1 77]
 ST 66-3s 2.676e+01  [-154 1.942e-08 5.990e-09 1.540e-04]  [1165 -2 73]
 ST 67-1  2.694e+01  [0 1.000e+00 3.238e-01 9.938e-06]  [1136 -1 40]
 ST 67-2  2.705e+01  [-86 4.826e-05 1.563e-05 9.955e-06]  [1337 -1 76]
 ST 67-3s 2.714e+01  [-158 1.175e-08 3.803e-09 2.423e-04]  [1018 -3 70]
 ST 68-1  2.734e+01  [0 1.000e+00 3.371e-01 9.976e-06]  [1147 -2 36]
 ST 68-2  2.746e+01  [-83 6.489e-05 2.188e-05 9.999e-06]  [1500 -1 78]
 ST 68-3s 2.755e+01  [-157 1.317e-08 4.439e-09 2.075e-04]  [1070 -3 72]
 ST 69-1  2.772e+01  [0 1.000e+00 3.497e-01 9.968e-06]  [1052 -3 39]
 ST 69-2  2.784e+01  [-75 1.585e-04 5.543e-05 9.963e-06]  [1452 -2 78]
 ST 69-3s 2.794e+01  [-152 2.455e-08 8.584e-09 1.075e-04]  [1237 -1 74]
 ST 70-1  2.811e+01  [0 1.000e+00 3.608e-01 9.972e-06]  [1096 -1 40]
 ST 70-2  2.823e+01  [-73 2.102e-04 7.585e-05 9.971e-06]  [1415 -2 77]
 ST 70-3s 2.833e+01  [-150 3.012e-08 1.087e-08 8.460e-05]  [1287 -1 75]
 ST 71-1  2.851e+01  [0 1.000e+00 3.679e-01 9.999e-06]  [1109 -2 40]
 ST 71-2  2.862e+01  [-76 1.493e-04 5.494e-05 9.963e-06]  [1455 -2 77]
 ST 71-3s 2.873e+01  [-151 2.526e-08 9.295e-09 9.895e-05]  [1244 -1 74]
 ST 72-1  2.890e+01  [0 1.000e+00 3.758e-01 9.989e-06]  [1156 -2 41]
 ST 72-2  2.902e+01  [-84 6.009e-05 2.258e-05 9.965e-06]  [1492 0 78]
 ST 72-3s 2.912e+01  [-157 1.331e-08 5.001e-09 1.840e-04]  [1098 -1 73]
 ST 73-1  2.929e+01  [0 1.000e+00 3.828e-01 9.974e-06]  [1124 0 40]
 ST 73-2  2.941e+01  [-86 4.909e-05 1.879e-05 9.937e-06]  [1418 -2 77]
 ST 73-3s 2.950e+01  [-159 1.018e-08 3.898e-09 2.368e-04]  [1045 -1 71]
 ST 74-1  2.968e+01  [0 1.000e+00 4.021e-01 9.948e-06]  [1222 -3 42]
 ST 74-2  2.980e+01  [-79 1.096e-04 4.409e-05 9.965e-06]  [1467 -2 77]
 ST 74-3s 2.990e+01  [-155 1.673e-08 6.727e-09 1.367e-04]  [1199 -1 74]
 ST 75-1  3.008e+01  [0 1.000e+00 3.955e-01 9.946e-06]  [1099 -1 38]
 ST 75-2  3.019e+01  [-74 1.986e-04 7.855e-05 9.976e-06]  [1397 -1 76]
 ST 75-3s 3.030e+01  [-152 2.477e-08 9.797e-09 9.423e-05]  [1274 -3 75]
 ST 76-1  3.048e+01  [0 1.000e+00 4.211e-01 9.919e-06]  [1221 -3 43]
 ST 76-2  3.060e+01  [-77 1.263e-04 5.319e-05 9.938e-06]  [1443 -1 78]
 ST 76-3s 3.070e+01  [-154 1.924e-08 8.104e-09 1.132e-04]  [1237 -1 74]
 ST 77-1  3.088e+01  [0 1.000e+00 4.187e-01 9.975e-06]  [1148 -2 39]
 ST 77-2  3.100e+01  [-85 5.335e-05 2.234e-05 9.997e-06]  [1449 -2 77]
 ST 77-3s 3.109e+01  [-159 1.048e-08 4.389e-09 2.102e-04]  [1095 -1 72]
 ST 78-1  3.127e+01  [0 1.000e+00 4.377e-01 9.957e-06]  [1144 -1 41]
 ST 78-2  3.139e+01  [-84 6.138e-05 2.687e-05 9.928e-06]  [1533 0 78]
 ST 78-3s 3.148e+01  [-159 1.122e-08 4.910e-09 1.880e-04]  [1090 -1 72]
 ST 79-1  3.166e+01  [0 1.000e+00 4.457e-01 9.980e-06]  [1226 0 43]
 ST 79-2  3.179e+01  [-79 1.121e-04 4.996e-05 9.955e-06]  [1527 -3 79]
 ST 79-3s 3.189e+01  [-155 1.629e-08 7.262e-09 1.269e-04]  [1232 0 75]
 ST 80-1  3.207e+01  [0 1.000e+00 4.532e-01 9.975e-06]  [1247 -1 43]
 ST 80-2  3.219e+01  [-76 1.539e-04 6.976e-05 9.972e-06]  [1476 -3 77]
 ST 80-3s 3.230e+01  [-154 1.869e-08 8.470e-09 1.086e-04]  [1268 -2 75]
 ST 81-1  3.248e+01  [0 1.000e+00 4.596e-01 9.997e-06]  [1246 -1 43]
 ST 81-2  3.260e+01  [-79 1.010e-04 4.644e-05 9.997e-06]  [1559 -2 79]
 ST 81-3s 3.270e+01  [-157 1.282e-08 5.891e-09 1.561e-04]  [1208 -2 74]
 ST 82-1  3.288e+01  [0 1.000e+00 4.613e-01 9.998e-06]  [1211 -2 42]
 ST 82-2  3.301e+01  [-79 1.060e-04 4.889e-05 9.990e-06]  [1512 -2 79]
 ST 82-3s 3.310e+01  [-159 1.106e-08 5.099e-09 1.808e-04]  [1103 -1 73]
 ST 83-1  3.329e+01  [0 1.000e+00 4.642e-01 9.955e-06]  [1214 -2 40]
 ST 83-2  3.341e+01  [-79 1.069e-04 4.961e-05 9.946e-06]  [1542 -1 79]
 ST 83-3s 3.351e+01  [-159 1.093e-08 5.073e-09 1.812e-04]  [1192 -1 73]
 ST 84-1  3.370e+01  [0 1.000e+00 4.676e-01 9.971e-06]  [1308 -2 43]
 ST 84-2  3.383e+01  [-76 1.463e-04 6.843e-05 9.942e-06]  [1534 0 78]
 ST 84-3s 3.393e+01  [-156 1.463e-08 6.839e-09 1.346e-04]  [1255 -2 75]
 ST 85-1  3.411e+01  [0 1.000e+00 4.748e-01 9.993e-06]  [1241 -1 43]
 ST 85-2  3.423e+01  [-72 2.242e-04 1.064e-04 9.988e-06]  [1488 0 78]
 ST 85-3s 3.434e+01  [-157 1.305e-08 6.196e-09 1.487e-04]  [1261 -2 75]
 ST 86-1  3.452e+01  [0 1.000e+00 4.610e-01 9.963e-06]  [1306 -1 44]
 ST 86-2  3.464e+01  [-70 3.016e-04 1.390e-04 9.955e-06]  [1417 -2 77]
 ST 86-3s 3.473e+01  [-158 1.174e-08 5.412e-09 1.700e-04]  [1091 -1 72]
 ST 87-1  3.492e+01  [0 1.000e+00 4.535e-01 9.983e-06]  [1334 0 44]
 ST 87-2  3.503e+01  [-67 4.030e-04 1.828e-04 9.966e-06]  [1358 -2 76]
 ST 87-3s 3.514e+01  [-156 1.417e-08 6.426e-09 1.434e-04]  [1365 -2 76]
 ST 88-1  3.535e+01  [0 1.000e+00 4.272e-01 9.972e-06]  [1261 -3 39]
 ST 88-2  3.546e+01  [-69 3.481e-04 1.487e-04 9.994e-06]  [1479 -3 78]
 ST 88-3s 3.556e+01  [-157 1.281e-08 5.472e-09 1.680e-04]  [1129 -1 73]
 ST 89-1  3.576e+01  [0 1.000e+00 3.071e-01 9.938e-06]  [1422 -2 46]
 ST 89-2  3.586e+01  [-63 6.860e-04 2.106e-04 9.975e-06]  [1286 0 75]
 ST 89-3s 3.596e+01  [-150 3.066e-08 9.415e-09 9.760e-05]  [1141 -2 73]
 ST 90-1  3.615e+01  [0 1.000e+00 3.449e-01 9.993e-06]  [1421 -2 46]
 ST 90-2  3.624e+01  [-45 5.277e-03 1.820e-03 9.976e-06]  [892 -1 67]
 ST 90-3s 3.636e+01  [-139 1.085e-07 3.741e-08 2.451e-05]  [1558 -1 78]
 ST 91-1  3.654e+01  [0 1.000e+00 4.846e-01 9.945e-06]  [1305 -1 44]
 ST 91-2  3.663e+01  [-44 5.803e-03 2.812e-03 9.978e-06]  [989 -1 69]
 ST 91-3s 3.677e+01  [-137 1.308e-07 6.339e-08 1.456e-05]  [1839 0 81]
 ST 92-1  3.697e+01  [0 1.000e+00 6.990e-01 9.991e-06]  [1467 -2 47]
 ST 92-2  3.704e+01  [-45 5.502e-03 3.846e-03 9.985e-06]  [672 -1 61]
 ST 92-3s 3.717e+01  [-137 1.370e-07 9.574e-08 9.941e-06]  [1722 -2 80]
 ST 93-1  3.736e+01  [0 1.000e+00 1.506e+00 9.909e-06]  [1177 0 39]
 ST 93-2  3.746e+01  [-52 2.376e-03 3.577e-03 9.974e-06]  [1279 0 75]
 ST 93-3s 3.759e+01  [-145 5.071e-08 7.634e-08 1.200e-05]  [1629 -3 79]
 ST 94-1  3.777e+01  [0 1.000e+00 1.277e+00 9.961e-06]  [1199 -1 42]
 ST 94-2  3.787e+01  [-41 8.020e-03 1.024e-02 9.970e-06]  [1149 -1 73]
 ST 94-3s 3.802e+01  [-136 1.575e-07 2.012e-07 9.975e-06]  [1997 -1 83]
 ST 95-1  3.820e+01  [0 1.000e+00 4.800e-01 9.969e-06]  [1198 -1 41]
 ST 95-2  3.833e+01  [-62 7.840e-04 3.763e-04 9.953e-06]  [1536 0 78]
 ST 95-3s 3.844e+01  [-154 1.910e-08 9.167e-09 9.999e-05]  [1331 0 76]
 ST 96-1  3.863e+01  [0 1.000e+00 6.686e-01 9.935e-06]  [1418 -2 45]
 ST 96-2  3.874e+01  [-58 1.131e-03 7.559e-04 9.986e-06]  [1222 -3 74]
 ST 96-3s 3.888e+01  [-153 2.099e-08 1.403e-08 6.577e-05]  [1827 -2 81]
 ST 97-1  3.908e+01  [0 1.000e+00 4.978e-01 9.949e-06]  [1507 -1 47]
 ST 97-2  3.915e+01  [-45 5.133e-03 2.555e-03 9.966e-06]  [783 -1 64]
 ST 97-3s 3.931e+01  [-140 9.219e-08 4.589e-08 2.006e-05]  [2013 -2 82]
 ST 98-1  3.949e+01  [0 1.000e+00 9.035e-01 9.955e-06]  [1195 -1 40]
 ST 98-2  3.961e+01  [-54 1.871e-03 1.690e-03 9.953e-06]  [1433 0 78]
 ST 98-3s 3.975e+01  [-147 4.082e-08 3.688e-08 2.498e-05]  [1773 -2 80]
 ST 99-1  3.995e+01  [0 1.000e+00 2.086e+00 9.972e-06]  [1499 -1 47]
 ST 99-2  4.005e+01  [-37 1.266e-02 2.642e-02 9.982e-06]  [1130 0 72]
 ST 99-3s 4.023e+01  [-132 2.362e-07 4.928e-07 9.985e-06]  [2533 -1 85]
 ST 100-1  4.044e+01  [0 1.000e+00 1.146e+00 9.973e-06]  [1575 -2 49]
 ST 100-2  4.054e+01  [-34 1.921e-02 2.200e-02 9.975e-06]  [1209 -1 73]
 ST 100-3s 4.075e+01  [-131 2.630e-07 3.014e-07 9.980e-06]  [2622 -1 79]
 ST 101-1  4.095e+01  [0 1.000e+00 3.187e-01 9.993e-06]  [1573 -2 49]
 ST 101-2  4.106e+01  [-53 2.191e-03 6.982e-04 9.977e-06]  [1311 -1 75]
 ST 101-3s 4.122e+01  [-151 2.637e-08 8.404e-09 1.094e-04]  [2162 -1 83]
 ST 102-1  4.143e+01  [0 1.000e+00 2.815e-01 9.975e-06]  [1666 -2 49]
 ST 102-2  4.154e+01  [-44 5.861e-03 1.650e-03 9.969e-06]  [1337 -1 75]
 ST 102-3s 4.171e+01  [-143 6.521e-08 1.836e-08 5.029e-05]  [2303 0 84]
 ST 103-1  4.194e+01  [0 1.000e+00 3.309e-01 9.975e-06]  [2016 -1 55]
 ST 103-2  4.204e+01  [-41 8.122e-03 2.688e-03 9.973e-06]  [1159 -1 73]
 ST 103-3s 4.222e+01  [-140 9.029e-08 2.988e-08 3.086e-05]  [2437 -2 85]
 ST 104-1  4.243e+01  [0 1.000e+00 3.833e-01 9.976e-06]  [1695 0 51]
 ST 104-2  4.256e+01  [-56 1.534e-03 5.880e-04 9.999e-06]  [1720 -1 80]
 ST 104-3s 4.272e+01  [-154 1.812e-08 6.944e-09 1.324e-04]  [2065 -1 83]
 ST 105-1  4.293e+01  [0 1.000e+00 2.762e-01 9.984e-06]  [1729 -2 51]
 ST 105-2  4.303e+01  [-50 3.032e-03 8.376e-04 9.947e-06]  [1261 -1 75]
 ST 105-3s 4.320e+01  [-149 3.533e-08 9.758e-09 9.453e-05]  [2186 -2 84]
 ST 106-1  4.344e+01  [0 1.000e+00 4.437e-01 9.987e-06]  [1924 -1 51]
 ST 106-2  4.356e+01  [-46 4.832e-03 2.144e-03 9.976e-06]  [1537 0 78]
 ST 106-3s 4.374e+01  [-145 5.104e-08 2.265e-08 4.058e-05]  [2487 -1 85]
 ST 107-1  4.395e+01  [0 1.000e+00 7.048e-01 9.976e-06]  [1720 -1 51]
 ST 107-2  4.406e+01  [-37 1.314e-02 9.258e-03 9.982e-06]  [1379 0 76]
 ST 107-3s 4.427e+01  [-136 1.418e-07 9.997e-08 9.968e-06]  [2899 -2 87]
 ST 108-1  4.445e+01  [0 1.000e+00 9.503e-01 9.986e-06]  [1216 -2 42]
 ST 108-2  4.455e+01  [-35 1.716e-02 1.630e-02 9.995e-06]  [1141 -1 72]
 ST 108-3s 4.471e+01  [-132 2.333e-07 2.217e-07 9.959e-06]  [2067 -1 83]
 ST 109-1  4.491e+01  [0 1.000e+00 1.359e+00 9.993e-06]  [1600 -1 49]
 ST 109-2  4.501e+01  [-33 2.174e-02 2.953e-02 9.973e-06]  [1169 -2 74]
 ST 109-3s 4.517e+01  [-126 4.734e-07 6.432e-07 9.951e-06]  [2230 -1 84]
 ST 110-1  4.538e+01  [0 1.000e+00 2.097e+00 9.979e-06]  [1516 -1 47]
 ST 110-2  4.548e+01  [-32 2.385e-02 5.002e-02 9.963e-06]  [1169 -2 73]
 ST 110-3s 4.562e+01  [-121 8.640e-07 1.812e-06 9.963e-06]  [1846 -1 81]
 ST 111-1  4.580e+01  [0 1.000e+00 2.673e+00 9.945e-06]  [1221 -2 43]
 ST 111-2  4.590e+01  [-40 9.901e-03 2.646e-02 9.973e-06]  [1184 0 74]
 ST 111-3s 4.606e+01  [-129 3.397e-07 9.080e-07 9.957e-06]  [2233 -2 84]
 ST 112-1  4.625e+01  [0 1.000e+00 2.344e+00 9.967e-06]  [1331 0 44]
 ST 112-2  4.630e+01  [-22 7.368e-02 1.727e-01 9.974e-06]  [315 -1 43]
 ST 112-3s 4.642e+01  [-101 7.988e-06 1.872e-05 9.987e-06]  [1442 -1 78]
 ST 113-1  4.660e+01  [0 1.000e+00 1.566e+00 9.943e-06]  [1331 0 45]
 ST 113-2  4.670e+01  [-40 9.910e-03 1.552e-02 9.986e-06]  [1185 0 73]
 ST 113-3s 4.687e+01  [-131 2.524e-07 3.954e-07 9.957e-06]  [2258 -1 84]
 ST 114-1  4.706e+01  [0 1.000e+00 2.003e+00 9.983e-06]  [1347 -1 45]
 ST 114-2  4.716e+01  [-41 8.147e-03 1.631e-02 9.952e-06]  [1142 -1 72]
 ST 114-3s 4.733e+01  [-135 1.726e-07 3.456e-07 9.968e-06]  [2413 -1 85]
 ST 115-1  4.752e+01  [0 1.000e+00 1.062e+00 9.966e-06]  [1012 -2 34]
 ST 115-2  4.759e+01  [-33 2.138e-02 2.269e-02 9.965e-06]  [832 -1 65]
 ST 115-3s 4.774e+01  [-124 6.070e-07 6.444e-07 9.988e-06]  [1971 -2 82]
 ST 116-1  4.792e+01  [0 1.000e+00 2.012e+00 9.995e-06]  [1226 0 43]
 ST 116-2  4.803e+01  [-54 1.899e-03 3.821e-03 9.955e-06]  [1328 0 75]
 ST 116-3s 4.817e+01  [-147 4.409e-08 8.873e-08 1.038e-05]  [1688 0 80]
 ST 117-1  4.835e+01  [0 1.000e+00 1.030e+00 9.945e-06]  [1233 -1 42]
 ST 117-2  4.847e+01  [-55 1.738e-03 1.790e-03 9.958e-06]  [1389 -1 76]
 ST 117-3s 4.860e+01  [-148 3.959e-08 4.077e-08 2.263e-05]  [1676 -3 80]
 ST 118-1  4.878e+01  [0 1.000e+00 1.207e+00 9.958e-06]  [1257 -2 43]
 ST 118-2  4.888e+01  [-53 2.161e-03 2.609e-03 9.984e-06]  [1152 -2 73]
 ST 118-3s 4.904e+01  [-144 5.630e-08 6.798e-08 1.354e-05]  [2147 0 83]
 ST 119-1  4.922e+01  [0 1.000e+00 7.095e-01 9.996e-06]  [1034 0 36]
 ST 119-2  4.932e+01  [-52 2.432e-03 1.725e-03 9.967e-06]  [1284 0 75]
 ST 119-3s 4.945e+01  [-144 5.627e-08 3.992e-08 2.309e-05]  [1631 -3 79]
 ST 120-1  4.964e+01  [0 1.000e+00 5.602e-01 9.954e-06]  [1252 -2 42]
 ST 120-2  4.971e+01  [-41 8.226e-03 4.608e-03 9.970e-06]  [726 -1 63]
 ST 120-3s 4.985e+01  [-135 1.706e-07 9.555e-08 9.974e-06]  [1850 -1 81]
 ST 121-1  5.005e+01  [0 1.000e+00 5.473e-01 9.986e-06]  [1482 0 47]
 ST 121-2  5.015e+01  [-49 3.240e-03 1.774e-03 9.956e-06]  [1258 -2 75]
 ST 121-3s 5.030e+01  [-143 7.047e-08 3.857e-08 2.391e-05]  [1916 -1 82]
 ST 122-1  5.047e+01  [0 1.000e+00 1.180e+00 9.929e-06]  [1031 -1 38]
 ST 122-2  5.055e+01  [-43 6.858e-03 8.091e-03 9.992e-06]  [936 -1 69]
 ST 122-3s 5.070e+01  [-133 2.176e-07 2.567e-07 9.929e-06]  [1936 -3 82]
 ST 123-1  5.086e+01  [0 1.000e+00 1.740e+00 9.993e-06]  [956 -2 36]
 ST 123-2  5.094e+01  [-39 1.112e-02 1.934e-02 9.964e-06]  [888 -2 67]
 ST 123-3s 5.109e+01  [-125 5.154e-07 8.966e-07 9.955e-06]  [1819 -2 81]
 ST 124-1  5.124e+01  [0 1.000e+00 2.004e+00 9.932e-06]  [923 0 36]
 ST 124-2  5.136e+01  [-70 2.961e-04 5.933e-04 9.990e-06]  [1432 0 77]
 ST 124-3s 5.149e+01  [-147 4.461e-08 8.939e-08 1.025e-05]  [1622 -2 79]
 ST 125-1  5.167e+01  [0 1.000e+00 1.124e+00 9.975e-06]  [1161 -3 41]
 ST 125-2  5.176e+01  [-48 3.979e-03 4.471e-03 9.948e-06]  [1024 0 71]
 ST 125-3s 5.189e+01  [-136 1.501e-07 1.687e-07 9.973e-06]  [1703 -1 80]
 ST 126-1  5.208e+01  [0 1.000e+00 6.101e-01 9.953e-06]  [1325 -3 44]
 ST 126-2  5.214e+01  [-37 1.343e-02 8.191e-03 9.999e-06]  [609 -3 58]
 ST 126-3s 5.229e+01  [-126 4.910e-07 2.995e-07 9.954e-06]  [1936 -3 82]
 ST 127-1  5.245e+01  [0 1.000e+00 4.262e-01 9.961e-06]  [937 -1 36]
 ST 127-2  5.256e+01  [-72 2.274e-04 9.691e-05 9.979e-06]  [1318 -2 75]
 ST 127-3s 5.267e+01  [-152 2.457e-08 1.047e-08 8.797e-05]  [1275 -3 75]
 ST 128-1  5.284e+01  [0 1.000e+00 6.394e-01 9.983e-06]  [1097 -1 40]
 ST 128-2  5.295e+01  [-76 1.509e-04 9.650e-05 9.967e-06]  [1387 0 77]
 ST 128-3s 5.305e+01  [-156 1.530e-08 9.780e-09 9.405e-05]  [1209 -2 75]
 ST 129-1  5.323e+01  [0 1.000e+00 6.933e-01 9.994e-06]  [1200 -2 42]
 ST 129-2  5.333e+01  [-46 4.518e-03 3.132e-03 9.981e-06]  [1118 -2 72]
 ST 129-3s 5.346e+01  [-136 1.577e-07 1.093e-07 9.927e-06]  [1641 -1 79]
 ST 130-1  5.366e+01  [0 1.000e+00 1.235e+00 9.971e-06]  [1020 -3 32]
 ST 130-2  5.375e+01  [-42 7.459e-03 9.208e-03 9.996e-06]  [1004 -2 70]
 ST 130-3s 5.387e+01  [-128 3.759e-07 4.640e-07 9.940e-06]  [1533 0 78]
 ST 131-1  5.404e+01  [0 1.000e+00 1.422e+00 9.979e-06]  [1026 0 38]
 ST 131-2  5.413e+01  [-54 1.985e-03 2.822e-03 9.994e-06]  [1119 -3 73]
 ST 131-3s 5.426e+01  [-137 1.368e-07 1.945e-07 9.946e-06]  [1528 -3 78]
 ST 132-1  5.442e+01  [0 1.000e+00 1.303e+00 9.950e-06]  [892 -2 34]
 ST 132-2  5.453e+01  [-64 6.254e-04 8.146e-04 1.000e-05]  [1394 -1 77]
 ST 132-3s 5.465e+01  [-145 5.517e-08 7.187e-08 1.278e-05]  [1505 -1 78]
 ST 133-1  5.481e+01  [0 1.000e+00 1.216e+00 9.995e-06]  [951 -3 37]
 ST 133-2  5.493e+01  [-80 9.359e-05 1.138e-04 9.992e-06]  [1389 0 77]
 ST 133-3s 5.504e+01  [-150 3.065e-08 3.727e-08 2.475e-05]  [1310 -2 75]
 ST 134-1  5.522e+01  [0 1.000e+00 8.470e-01 9.963e-06]  [1189 -1 41]
 ST 134-2  5.530e+01  [-48 3.685e-03 3.122e-03 9.953e-06]  [939 -1 69]
 ST 134-3s 5.541e+01  [-133 2.154e-07 1.825e-07 9.911e-06]  [1323 -3 75]
 ST 135-1  5.559e+01  [0 1.000e+00 4.121e-01 9.975e-06]  [1236 0 42]
 ST 135-2  5.566e+01  [-36 1.431e-02 5.899e-03 9.972e-06]  [742 -2 64]
 ST 135-3s 5.579e+01  [-122 7.642e-07 3.150e-07 9.995e-06]  [1566 -3 78]
 ST 136-1  5.597e+01  [0 1.000e+00 2.228e-01 9.941e-06]  [1296 -1 44]
 ST 136-2  5.605e+01  [-41 8.872e-03 1.977e-03 9.998e-06]  [823 0 65]
 ST 136-3s 5.617e+01  [-128 3.954e-07 8.809e-08 1.048e-05]  [1422 -3 77]
 ST 137-1  5.640e+01  [0 1.000e+00 2.117e-01 9.963e-06]  [1078 -1 29]
 ST 137-2  5.647e+01  [-37 1.268e-02 2.684e-03 9.980e-06]  [830 -1 65]
 ST 137-3s 5.660e+01  [-126 4.610e-07 9.762e-08 9.954e-06]  [1608 -1 79]
 ST 138-1  5.679e+01  [0 1.000e+00 1.276e-01 9.983e-06]  [1340 0 44]
 ST 138-2  5.687e+01  [-40 9.006e-03 1.149e-03 9.959e-06]  [790 -1 65]
 ST 138-3s 5.700e+01  [-130 2.882e-07 3.678e-08 2.500e-05]  [1704 -1 80]
 ST 139-1  5.724e+01  [0 1.000e+00 7.942e-02 9.947e-06]  [1587 0 41]
 ST 139-2  5.731e+01  [-48 3.934e-03 3.124e-04 9.941e-06]  [760 -3 65]
 ST 139-3s 5.741e+01  [-139 1.076e-07 8.546e-09 1.074e-04]  [1200 -1 73]
 ST 140-1  5.761e+01  [0 1.000e+00 4.975e-02 9.947e-06]  [1533 0 48]
 ST 140-2  5.770e+01  [-60 9.715e-04 4.834e-05 9.971e-06]  [1034 0 70]
 ST 140-3s 5.778e+01  [-149 3.463e-08 1.723e-09 5.347e-04]  [843 -3 66]
 ST 141-1  5.797e+01  [0 1.000e+00 1.133e-01 9.983e-06]  [1293 -2 44]
 ST 141-2  5.807e+01  [-55 1.657e-03 1.878e-04 9.951e-06]  [1173 -3 74]
 ST 141-3s 5.816e+01  [-146 4.687e-08 5.310e-09 1.731e-04]  [950 -3 69]
 ST 142-1  5.834e+01  [0 1.000e+00 2.231e-01 9.926e-06]  [1156 -2 41]
 ST 142-2  5.843e+01  [-47 4.175e-03 9.315e-04 9.968e-06]  [1073 0 72]
 ST 142-3s 5.854e+01  [-137 1.276e-07 2.846e-08 3.242e-05]  [1310 -2 75]
 ST 143-1  5.871e+01  [0 1.000e+00 2.824e-01 9.974e-06]  [1108 -2 40]
 ST 143-2  5.880e+01  [-48 3.561e-03 1.006e-03 9.962e-06]  [1051 -1 71]
 ST 143-3s 5.893e+01  [-137 1.286e-07 3.633e-08 2.540e-05]  [1624 -2 79]
 ST 144-1  5.911e+01  [0 1.000e+00 2.960e-01 9.941e-06]  [1266 -2 43]
 ST 144-2  5.921e+01  [-55 1.614e-03 4.777e-04 9.951e-06]  [1085 -1 71]
 ST 144-3s 5.931e+01  [-143 7.027e-08 2.080e-08 4.414e-05]  [1142 -2 72]
 ST 145-1  5.949e+01  [0 1.000e+00 3.166e-01 9.932e-06]  [1257 -2 42]
 ST 145-2  5.959e+01  [-53 2.008e-03 6.358e-04 9.933e-06]  [1177 0 73]
 ST 145-3s 5.970e+01  [-140 9.636e-08 3.051e-08 3.011e-05]  [1245 -2 74]
 ST 146-1  5.988e+01  [0 1.000e+00 3.623e-01 9.987e-06]  [1235 0 42]
 ST 146-2  5.998e+01  [-58 1.135e-03 4.114e-04 9.971e-06]  [1214 -3 74]
 ST 146-3s 6.009e+01  [-143 6.780e-08 2.457e-08 3.739e-05]  [1350 -2 76]
 ST 147-1  6.027e+01  [0 1.000e+00 3.619e-01 9.936e-06]  [1186 -1 42]
 ST 147-2  6.037e+01  [-61 8.480e-04 3.069e-04 9.991e-06]  [1212 -3 75]
 ST 147-3s 6.048e+01  [-144 5.645e-08 2.043e-08 4.488e-05]  [1326 -3 76]
 ST 148-1  6.066e+01  [0 1.000e+00 3.843e-01 9.990e-06]  [1088 -1 39]
 ST 148-2  6.076e+01  [-62 7.092e-04 2.725e-04 9.945e-06]  [1283 -1 76]
 ST 148-3s 6.087e+01  [-145 5.218e-08 2.005e-08 4.604e-05]  [1321 -3 76]
 ST 149-1  6.106e+01  [0 1.000e+00 3.924e-01 9.920e-06]  [870 0 29]
 ST 149-2  6.117e+01  [-68 3.548e-04 1.392e-04 9.968e-06]  [1347 -1 75]
 ST 149-3s 6.127e+01  [-149 3.310e-08 1.299e-08 7.073e-05]  [1203 -1 74]
 ST 150-1  6.145e+01  [0 1.000e+00 3.719e-01 9.974e-06]  [1063 -2 39]
 ST 150-2  6.155e+01  [-76 1.506e-04 5.599e-05 9.955e-06]  [1308 -2 76]
 ST 150-3s 6.165e+01  [-152 2.474e-08 9.201e-09 1.002e-04]  [1142 -1 72]
 ST 151-1  6.183e+01  [0 1.000e+00 3.492e-01 9.989e-06]  [1203 -2 42]
 ST 151-2  6.194e+01  [-82 7.161e-05 2.500e-05 9.921e-06]  [1315 -2 75]
 ST 151-3s 6.203e+01  [-151 2.659e-08 9.285e-09 9.887e-05]  [1070 -3 71]
 ST 152-1  6.221e+01  [0 1.000e+00 3.032e-01 9.978e-06]  [1200 -2 42]
 ST 152-2  6.232e+01  [-78 1.144e-04 3.469e-05 9.977e-06]  [1346 -2 76]
 ST 152-3s 6.242e+01  [-150 3.094e-08 9.382e-09 9.782e-05]  [1133 -1 72]
 ST 153-1  6.261e+01  [0 1.000e+00 2.652e-01 9.962e-06]  [1210 -2 39]
 ST 153-2  6.272e+01  [-79 1.050e-04 2.784e-05 9.949e-06]  [1318 -2 75]
 ST 153-3s 6.281e+01  [-149 3.165e-08 8.393e-09 1.098e-04]  [1092 -1 72]
 ST 154-1  6.299e+01  [0 1.000e+00 2.556e-01 9.988e-06]  [1073 0 39]
 ST 154-2  6.310e+01  [-81 8.407e-05 2.149e-05 9.985e-06]  [1371 -3 76]
 ST 154-3s 6.319e+01  [-151 2.665e-08 6.812e-09 1.349e-04]  [1059 -2 71]
 ST 155-1  6.337e+01  [0 1.000e+00 2.312e-01 9.958e-06]  [1160 -2 41]
 ST 155-2  6.349e+01  [-79 1.025e-04 2.369e-05 9.978e-06]  [1445 -1 77]
 ST 155-3s 6.358e+01  [-150 2.913e-08 6.736e-09 1.369e-04]  [1056 -2 72]
 ST 156-1  6.374e+01  [0 1.000e+00 2.090e-01 9.996e-06]  [998 -2 38]
 ST 156-2  6.386e+01  [-81 8.310e-05 1.737e-05 9.973e-06]  [1406 -1 77]
 ST 156-3s 6.395e+01  [-151 2.747e-08 5.742e-09 1.605e-04]  [995 -1 70]
 ST 157-1  6.412e+01  [0 1.000e+00 1.976e-01 9.997e-06]  [1064 -2 38]
 ST 157-2  6.424e+01  [-82 7.737e-05 1.529e-05 9.965e-06]  [1415 -2 77]
 ST 157-3s 6.432e+01  [-150 2.988e-08 5.903e-09 1.562e-04]  [997 -2 70]
 ST 158-1  6.451e+01  [0 1.000e+00 1.794e-01 9.962e-06]  [1113 -3 38]
 ST 158-2  6.462e+01  [-81 8.438e-05 1.514e-05 9.962e-06]  [1413 -2 77]
 ST 158-3s 6.471e+01  [-149 3.351e-08 6.013e-09 1.535e-04]  [1013 -2 71]
 ST 159-1  6.489e+01  [0 1.000e+00 1.679e-01 9.987e-06]  [1210 -2 42]
 ST 159-2  6.501e+01  [-82 7.890e-05 1.324e-05 9.964e-06]  [1435 -1 78]
 ST 159-3s 6.510e+01  [-149 3.377e-08 5.668e-09 1.626e-04]  [998 -2 70]
 ST 160-1  6.528e+01  [0 1.000e+00 1.599e-01 9.913e-06]  [1181 -1 41]
 ST 160-2  6.539e+01  [-81 7.984e-05 1.276e-05 9.959e-06]  [1418 -2 77]
 ST 160-3s 6.548e+01  [-149 3.181e-08 5.084e-09 1.809e-04]  [993 -1 70]
 ST 161-1  6.567e+01  [0 1.000e+00 1.488e-01 9.973e-06]  [1214 -3 42]
 ST 161-2  6.579e+01  [-83 6.629e-05 9.863e-06 9.943e-06]  [1511 -2 79]
 ST 161-3s 6.588e+01  [-149 3.254e-08 4.841e-09 1.897e-04]  [966 -3 70]
 ST 162-1  6.606e+01  [0 1.000e+00 1.512e-01 9.932e-06]  [1193 -1 41]
 ST 162-2  6.617e+01  [-86 4.742e-05 7.171e-06 9.981e-06]  [1457 -2 77]
 ST 162-3s 6.626e+01  [-150 2.945e-08 4.453e-09 2.066e-04]  [911 -3 69]
 ST 163-1  6.643e+01  [0 1.000e+00 1.468e-01 9.939e-06]  [1167 -2 41]
 ST 163-2  6.655e+01  [-87 4.232e-05 6.213e-06 9.967e-06]  [1436 -1 77]
 ST 163-3s 6.663e+01  [-151 2.714e-08 3.985e-09 2.303e-04]  [859 -2 66]
 ST 164-1  6.680e+01  [0 1.000e+00 1.484e-01 9.944e-06]  [912 -3 33]
 ST 164-2  6.692e+01  [-80 8.919e-05 1.323e-05 9.983e-06]  [1458 -2 77]
 ST 164-3s 6.701e+01  [-152 2.332e-08 3.461e-09 2.660e-04]  [969 -3 70]
 ST 165-1  6.718e+01  [0 1.000e+00 1.549e-01 9.964e-06]  [1150 -2 41]
 ST 165-2  6.730e+01  [-75 1.648e-04 2.553e-05 9.991e-06]  [1517 -2 79]
 ST 165-3s 6.740e+01  [-151 2.687e-08 4.163e-09 2.211e-04]  [1039 -1 71]
 ST 166-1  6.760e+01  [0 1.000e+00 1.618e-01 9.978e-06]  [1246 -1 38]
 ST 166-2  6.772e+01  [-71 2.776e-04 4.492e-05 9.955e-06]  [1509 -2 78]
 ST 166-3s 6.781e+01  [-149 3.493e-08 5.653e-09 1.633e-04]  [1071 -3 71]
 ST 167-1  6.800e+01  [0 1.000e+00 1.742e-01 9.985e-06]  [1279 0 43]
 ST 167-2  6.811e+01  [-67 4.059e-04 7.069e-05 9.957e-06]  [1369 -2 76]
 ST 167-3s 6.821e+01  [-146 4.473e-08 7.789e-09 1.179e-04]  [1114 -2 72]
 ST 168-1  6.839e+01  [0 1.000e+00 1.845e-01 9.995e-06]  [1283 0 43]
 ST 168-2  6.850e+01  [-68 3.661e-04 6.756e-05 9.956e-06]  [1398 -1 76]
 ST 168-3s 6.860e+01  [-146 4.476e-08 8.260e-09 1.109e-04]  [1137 -1 72]
 ST 169-1  6.879e+01  [0 1.000e+00 1.892e-01 9.952e-06]  [1271 -3 43]
 ST 169-2  6.890e+01  [-68 3.641e-04 6.889e-05 9.981e-06]  [1394 -1 77]
 ST 169-3s 6.900e+01  [-146 4.652e-08 8.802e-09 1.046e-04]  [1168 -3 73]
 ST 170-1  6.919e+01  [0 1.000e+00 1.986e-01 9.966e-06]  [1234 -1 40]
 ST 170-2  6.931e+01  [-67 4.194e-04 8.332e-05 9.997e-06]  [1388 -1 77]
 ST 170-3s 6.941e+01  [-145 5.333e-08 1.059e-08 8.681e-05]  [1216 -2 74]
 ST 171-1  6.959e+01  [0 1.000e+00 2.095e-01 9.958e-06]  [1179 0 41]
 ST 171-2  6.970e+01  [-67 4.195e-04 8.787e-05 9.941e-06]  [1367 -2 76]
 ST 171-3s 6.980e+01  [-145 5.564e-08 1.166e-08 7.881e-05]  [1240 -1 74]
 ST 172-1  6.998e+01  [0 1.000e+00 2.173e-01 9.956e-06]  [1084 -1 40]
 ST 172-2  7.009e+01  [-67 4.261e-04 9.259e-05 9.977e-06]  [1374 -3 76]
 ST 172-3s 7.019e+01  [-144 5.898e-08 1.282e-08 7.194e-05]  [1264 -2 75]
 ST 173-1  7.036e+01  [0 1.000e+00 2.278e-01 9.955e-06]  [877 -1 33]
 ST 173-2  7.047e+01  [-66 4.570e-04 1.041e-04 9.997e-06]  [1350 -1 77]
 ST 173-3s 7.057e+01  [-143 6.577e-08 1.498e-08 6.153e-05]  [1302 -1 76]
 ST 174-1  7.074e+01  [0 1.000e+00 2.397e-01 9.994e-06]  [975 0 37]
 ST 174-2  7.085e+01  [-66 4.823e-04 1.156e-04 9.941e-06]  [1368 -2 76]
 ST 174-3s 7.096e+01  [-142 7.379e-08 1.769e-08 5.208e-05]  [1324 -3 75]
 ST 175-1  7.113e+01  [0 1.000e+00 2.519e-01 9.979e-06]  [1077 0 39]
 ST 175-2  7.125e+01  [-66 4.984e-04 1.256e-04 9.938e-06]  [1381 0 76]
 ST 175-3s 7.136e+01  [-141 8.054e-08 2.029e-08 4.527e-05]  [1341 -1 75]
 ST 176-1  7.154e+01  [0 1.000e+00 2.651e-01 9.947e-06]  [1116 -2 37]
 ST 176-2  7.166e+01  [-65 5.266e-04 1.396e-04 9.970e-06]  [1412 -2 77]
 ST 176-3s 7.177e+01  [-141 8.891e-08 2.357e-08 3.899e-05]  [1373 -3 76]
 ST 177-1  7.195e+01  [0 1.000e+00 2.801e-01 9.957e-06]  [1127 0 41]
 ST 177-2  7.206e+01  [-65 5.609e-04 1.571e-04 9.967e-06]  [1410 -2 77]
 ST 177-3s 7.217e+01  [-140 9.927e-08 2.781e-08 3.312e-05]  [1397 -1 75]
 ST 178-1  7.236e+01  [0 1.000e+00 2.965e-01 9.989e-06]  [1114 -2 38]
 ST 178-2  7.247e+01  [-64 5.846e-04 1.733e-04 9.945e-06]  [1410 -2 77]
 ST 178-3s 7.259e+01  [-139 1.096e-07 3.249e-08 2.837e-05]  [1415 -2 77]
 ST 179-1  7.276e+01  [0 1.000e+00 3.137e-01 9.952e-06]  [1088 -1 40]
 ST 179-2  7.287e+01  [-64 6.207e-04 1.947e-04 9.948e-06]  [1400 -1 76]
 ST 179-3s 7.299e+01  [-138 1.229e-07 3.856e-08 2.388e-05]  [1441 -1 77]
 ST 180-1  7.316e+01  [0 1.000e+00 3.334e-01 9.988e-06]  [1034 -1 37]
 ST 180-2  7.328e+01  [-63 6.576e-04 2.193e-04 9.962e-06]  [1393 -1 76]
 ST 180-3s 7.339e+01  [-137 1.372e-07 4.575e-08 2.017e-05]  [1461 -2 77]
 ST 181-1  7.356e+01  [0 1.000e+00 3.549e-01 9.998e-06]  [955 -2 36]
 ST 181-2  7.367e+01  [-63 6.985e-04 2.479e-04 9.993e-06]  [1379 0 76]
 ST 181-3s 7.379e+01  [-136 1.558e-07 5.529e-08 1.668e-05]  [1472 -2 76]
 ST 182-1  7.395e+01  [0 1.000e+00 3.791e-01 1.000e-05]  [849 -2 34]
 ST 182-2  7.406e+01  [-62 7.458e-04 2.827e-04 9.972e-06]  [1352 -1 76]
 ST 182-3s 7.418e+01  [-134 1.823e-07 6.913e-08 1.334e-05]  [1508 -2 78]
 ST 183-1  7.433e+01  [0 1.000e+00 4.064e-01 9.976e-06]  [841 -2 33]
 ST 183-2  7.444e+01  [-61 7.986e-04 3.246e-04 9.988e-06]  [1330 0 76]
 ST 183-3s 7.456e+01  [-133 2.049e-07 8.326e-08 1.104e-05]  [1518 -2 78]
 ST 184-1  7.473e+01  [0 1.000e+00 4.372e-01 9.989e-06]  [912 -2 34]
 ST 184-2  7.484e+01  [-61 8.554e-04 3.740e-04 9.958e-06]  [1307 -2 75]
 ST 184-3s 7.496e+01  [-132 2.242e-07 9.802e-08 9.993e-06]  [1541 0 78]
 ST 185-1  7.513e+01  [0 1.000e+00 4.721e-01 9.993e-06]  [947 -2 36]
 ST 185-2  7.523e+01  [-60 9.191e-04 4.339e-04 9.978e-06]  [1304 -1 75]
 ST 185-3s 7.536e+01  [-131 2.542e-07 1.200e-07 9.973e-06]  [1526 -3 79]
 ST 186-1  7.552e+01  [0 1.000e+00 5.121e-01 9.972e-06]  [969 -3 36]
 ST 186-2  7.563e+01  [-60 9.939e-04 5.090e-04 9.961e-06]  [1271 -3 74]
 ST 186-3s 7.575e+01  [-130 2.896e-07 1.483e-07 9.956e-06]  [1510 -2 78]
 ST 187-1  7.591e+01  [0 1.000e+00 5.584e-01 9.965e-06]  [977 0 37]
 ST 187-2  7.602e+01  [-59 1.076e-03 6.009e-04 9.957e-06]  [1252 -2 74]
 ST 187-3s 7.614e+01  [-129 3.317e-07 1.852e-07 9.966e-06]  [1503 -1 78]
 ST 188-1  7.631e+01  [0 1.000e+00 6.123e-01 9.983e-06]  [975 0 36]
 ST 188-2  7.641e+01  [-58 1.196e-03 7.323e-04 9.940e-06]  [1234 -1 75]
 ST 188-3s 7.653e+01  [-128 3.873e-07 2.371e-07 9.995e-06]  [1487 0 78]
 ST 189-1  7.670e+01  [0 1.000e+00 6.769e-01 9.987e-06]  [962 -3 36]
 ST 189-2  7.680e+01  [-58 1.230e-03 8.328e-04 9.962e-06]  [1230 0 74]
 ST 189-3s 7.692e+01  [-127 4.247e-07 2.875e-07 9.963e-06]  [1475 -3 78]
 ST 190-1  7.709e+01  [0 1.000e+00 7.436e-01 9.972e-06]  [961 -3 36]
 ST 190-2  7.719e+01  [-57 1.345e-03 9.998e-04 9.978e-06]  [1218 -2 74]
 ST 190-3s 7.731e+01  [-126 4.871e-07 3.622e-07 9.936e-06]  [1471 -2 77]
 ST 191-1  7.747e+01  [0 1.000e+00 8.299e-01 9.953e-06]  [947 -2 36]
 ST 191-2  7.757e+01  [-56 1.482e-03 1.230e-03 9.968e-06]  [1204 -1 74]
 ST 191-3s 7.769e+01  [-125 5.613e-07 4.658e-07 9.988e-06]  [1470 -2 77]
 ST 192-1  7.787e+01  [0 1.000e+00 9.315e-01 9.983e-06]  [944 -2 34]
 ST 192-2  7.797e+01  [-55 1.593e-03 1.484e-03 9.980e-06]  [1192 -1 74]
 ST 192-3s 7.809e+01  [-123 6.324e-07 5.891e-07 9.967e-06]  [1475 -3 77]
 ST 193-1  7.825e+01  [0 1.000e+00 1.047e+00 9.996e-06]  [937 -1 35]
 ST 193-2  7.835e+01  [-55 1.692e-03 1.772e-03 9.971e-06]  [1169 -3 73]
 ST 193-3s 7.847e+01  [-123 7.035e-07 7.367e-07 9.947e-06]  [1475 -3 77]
 ST 194-1  7.865e+01  [0 1.000e+00 1.183e+00 9.978e-06]  [930 -1 33]
 ST 194-2  7.874e+01  [-54 1.781e-03 2.106e-03 9.990e-06]  [1158 -2 73]
 ST 194-3s 7.886e+01  [-122 7.758e-07 9.176e-07 9.957e-06]  [1483 0 77]
 ST 195-1  7.903e+01  [0 1.000e+00 1.338e+00 9.946e-06]  [905 -2 35]
 ST 195-2  7.913e+01  [-54 1.838e-03 2.459e-03 9.986e-06]  [1164 -2 74]
 ST 195-3s 7.925e+01  [-121 8.460e-07 1.132e-06 9.992e-06]  [1487 0 78]
 ST 196-1  7.941e+01  [0 1.000e+00 1.512e+00 9.999e-06]  [924 0 34]
 ST 196-2  7.951e+01  [-54 1.832e-03 2.770e-03 9.982e-06]  [1172 -3 73]
 ST 196-3s 7.963e+01  [-120 9.085e-07 1.374e-06 9.974e-06]  [1489 -1 78]
 ST 197-1  7.990e+01  [0 1.000e+00 1.699e+00 9.933e-06]  [936 -1 22]
 ST 197-2  8.000e+01  [-55 1.724e-03 2.929e-03 9.953e-06]  [1197 -1 73]
 ST 197-3s 8.012e+01  [-120 9.624e-07 1.635e-06 9.959e-06]  [1491 -1 77]
 ST 198-1  8.028e+01  [0 1.000e+00 1.885e+00 9.973e-06]  [953 -2 36]
 ST 198-2  8.039e+01  [-56 1.469e-03 2.769e-03 9.957e-06]  [1227 0 74]
 ST 198-3s 8.050e+01  [-120 9.936e-07 1.872e-06 9.991e-06]  [1472 -2 77]
 ST 199-1  8.067e+01  [0 1.000e+00 2.023e+00 9.963e-06]  [1005 -2 37]
 ST 199-2  8.078e+01  [-65 5.489e-04 1.111e-03 9.977e-06]  [1384 0 76]
 ST 199-3s 8.090e+01  [-121 8.073e-07 1.633e-06 9.965e-06]  [1390 -1 76]
 ST 200-1  8.109e+01  [0 1.000e+00 1.820e+00 9.933e-06]  [1366 -2 45]
 ST 200-2  8.115e+01  [-7 4.123e-01 7.505e-01 9.909e-06]  [531 -2 56]
 ST 200-3  8.127e+01  [-97 1.384e-05 2.519e-05 9.991e-06]  [1474 -3 77]
 ST 200-4s 8.156e+01  [-152 2.263e-08 4.119e-08 2.235e-05]  [1206 -2 25]
